float32_t sin_f32[1000]=
{
0.0,
0.006289433316067751,
0.012578617838741058,
0.01886730478446709,
0.025155245389375847,
0.0314421909191206,
0.03772789267871718,
0.04401210202238166,
0.05029457036336618,
0.056575049183792345,
0.06285329004448194,
0.06912904459478454,
0.07540206458240159,
0.08167210186320663,
0.08793890841106125,
0.09420223632762625,
0.10046183785216795,
0.10671746537135889,
0.11296887142907283,
0.11921580873617335,
0.12545803018029603,
0.1316952888356236,
0.13792733797265358,
0.1441539310679583,
0.1503748218139367,
0.15658976412855766,
0.1627985121650943,
0.16900082032184907,
0.17519644325186898,
0.18138513587265107,
0.18756665337583714,
0.19374075123689763,
0.19990718522480458,
0.20606571141169255,
0.21221608618250787,
0.21835806624464543,
0.22449140863757258,
0.23061587074244014,
0.23673121029167973,
0.24283718537858714,
0.2489335544668916,
0.25502007640031044,
0.2610965104120882,
0.2671626161345213,
0.27321815360846585,
0.27926288329283006,
0.28529656607404974,
0.2913189632755472,
0.2973298366671723,
0.30332894847462666,
0.30931606138886886,
0.31529093857550244,
0.32125334368414366,
0.3272030408577716,
0.33313979474205757,
0.33906337049467516,
0.34497353379459045,
0.3508700508513305,
0.3567526884142317,
0.3626212137816669,
0.3684753948102499,
0.37431499992401884,
0.38013979812359666,
0.3859495589953287,
0.3917440527203973,
0.3975230500839129,
0.4032863224839812,
0.4090336419407459,
0.41476478110540693,
0.4204795132692143,
0.4261776123724353,
0.4318588530132973,
0.4375230104569043,
0.4431698606441261,
0.4487991802004621,
0.4544107464448774,
0.46000433739861096,
0.46557973179395706,
0.4711367090830178,
0.4766750494464274,
0.4821945338020477,
0.4876949438136345,
0.4931760618994744,
0.49863767124099145,
0.5040795557913246,
0.5095015002838732,
0.5149032902408126,
0.5202847119815789,
0.5256455526313207,
0.5309856001293203,
0.5363046432373825,
0.54160247154819,
0.5468788754936273,
0.5521336463530702,
0.5573665762616421,
0.5625774582184371,
0.5677660860947078,
0.5729322546420199,
0.5780757595003707,
0.5831963972062733,
0.588293965200805,
0.5933682618376204,
0.5984190863909268,
0.6034462390634261,
0.608449520994217,
0.6134287342666618,
0.6183836819162153,
0.6233141679382166,
0.6282199972956423,
0.6331009759268212,
0.6379569107531118,
0.6427876096865393,
0.647592881637394,
0.6523725365217908,
0.6571263852691885,
0.661854239829868,
0.666555913182372,
0.6712312193409027,
0.675879973362679,
0.6805019913552524,
0.6850970904837809,
0.6896650889782618,
0.6942058061407225,
0.6987190623523674,
0.7032046790806838,
0.7076624788865044,
0.7120922854310254,
0.7164939234827832,
0.720867218924585,
0.7252119987603972,
0.7295280911221884,
0.7338153252767277,
0.7380735316323389,
0.7423025417456093,
0.7465021883280519,
0.7506723052527243,
0.7548127275607988,
0.7589232914680889,
0.7630038343715272,
0.7670541948555987,
0.7710742126987247,
0.7750637288796015,
0.7790225855834911,
0.7829506262084631,
0.7868476953715899,
0.7907136389150937,
0.7945483039124437,
0.7983515386744059,
0.8021231927550437,
0.8058631169576691,
0.809571163340744,
0.8132471852237328,
0.8168910371929053,
0.8205025751070875,
0.8240816561033644,
0.8276281386027311,
0.8311418823156935,
0.8346227482478172,
0.8380705987052264,
0.8414852973000502,
0.8448667089558177,
0.8482146999128022,
0.8515291377333112,
0.8548098913069259,
0.8580568308556875,
0.8612698279392308,
0.8644487554598649,
0.8675934876676012,
0.8707039001651274,
0.8737798699127284,
0.8768212752331536,
0.8798279958164293,
0.8827999127246196,
0.8857369083965293,
0.8886388666523558,
0.8915056726982838,
0.8943372131310272,
0.897133375942314,
0.8998940505233182,
0.902619127669034,
0.9053084995825966,
0.9079620598795461,
0.9105797035920355,
0.9131613271729833,
0.9157068285001692,
0.918216106880274,
0.920689063052863,
0.9231255991943123,
0.9255256189216778,
0.9278890272965093,
0.9302157308286042,
0.9325056374797074,
0.934758656667151,
0.936974699267438,
0.9391536776197676,
0.9412955055295031,
0.9434000982715812,
0.9454673725938634,
0.9474972467204298,
0.9494896403548133,
0.9514444746831766,
0.9533616723774293,
0.9552411575982869,
0.9570828559982708,
0.9588866947246497,
0.960652602422321,
0.9623805092366334,
0.9640703468161506,
0.9657220483153546,
0.9673355483972902,
0.9689107832361495,
0.970447690519797,
0.9719462094522335,
0.9734062807560027,
0.9748278466745341,
0.9762108509744296,
0.9775552389476861,
0.9788609574138615,
0.9801279547221765,
0.9813561807535595,
0.9825455869226277,
0.9836961261796101,
0.984807753012208,
0.9858804234473958,
0.98691409505316,
0.9879087269401781,
0.9888642797634357,
0.9897807157237835,
0.9906579985694317,
0.9914960935973848,
0.9922949676548136,
0.9930545891403677,
0.9937749280054242,
0.9944559557552776,
0.995097645450266,
0.9956999717068377,
0.9962629106985543,
0.9967864401570342,
0.9972705393728327,
0.9977151891962615,
0.9981203720381463,
0.9984860718705224,
0.9988122742272691,
0.9990989662046814,
0.9993461364619809,
0.9995537752217638,
0.9997218742703887,
0.9998504269583004,
0.9999394282002937,
0.999988874475714,
0.9999987638285974,
0.9999690958677468,
0.9998998717667489,
0.9997910942639262,
0.9996427676622299,
0.9994548978290693,
0.9992274921960794,
0.9989605597588275,
0.9986541110764565,
0.9983081582712682,
0.9979227150282433,
0.9974977965944997,
0.9970334197786902,
0.9965296029503368,
0.9959863660391044,
0.9954037305340125,
0.9947817194825853,
0.9941203574899393,
0.9934196707178107,
0.9926796868835203,
0.991900435258877,
0.9910819466690197,
0.9902242534911986,
0.9893273896534935,
0.9883913906334728,
0.9874162934567889,
0.9864021366957146,
0.9853489604676166,
0.9842568064333687,
0.9831257177957042,
0.9819557392975067,
0.9807469172200397,
0.9794992993811165,
0.9782129351332085,
0.9768878753614926,
0.9755241724818388,
0.9741218804387363,
0.9726810547031601,
0.9712017522703763,
0.9696840316576877,
0.9681279529021188,
0.9665335775580415,
0.9649009686947391,
0.9632301908939126,
0.9615213102471255,
0.9597743943531891,
0.9579895123154889,
0.9561667347392511,
0.9543061337287488,
0.9524077828844515,
0.9504717573001116,
0.9484981335597953,
0.9464869897348526,
0.944438405380829,
0.9423524615343186,
0.940229240709759,
0.9380688268961659,
0.9358713055538121,
0.9336367636108462,
0.9313652894598543,
0.9290569729543628,
0.926711905405285,
0.9243301795773085,
0.9219118896852252,
0.9194571313902055,
0.9169660017960135,
0.9144385994451658,
0.9118750243150338,
0.9092753778138886,
0.9066397627768894,
0.9039682834620162,
0.9012610455459449,
0.8985181561198674,
0.8957397236852556,
0.8929258581495686,
0.8900766708219061,
0.8871922744086043,
0.8842727830087778,
0.881318312109807,
0.8783289785827687,
0.875304900677813,
0.8722461980194863,
0.869152991601999,
0.8660254037844387,
0.8628635582859312,
0.8596675801807454,
0.856437595893346,
0.853173733193393,
0.8498761211906867,
0.8465448903300608,
0.8431801723862224,
0.8397821004585397,
0.8363508089657762,
0.8328864336407735,
0.8293891115250829,
0.8258589809635433,
0.8222961815988096,
0.8187008543658282,
0.8150731414862624,
0.811413186462866,
0.8077211340738071,
0.8039971303669408,
0.800241322654032,
0.7964538595049291,
0.7926348907416848,
0.7887845674326315,
0.7849030418864046,
0.7809904676459176,
0.7770469994822886,
0.7730727933887178,
0.769068006574317,
0.7650327974578902,
0.7609673256616678,
0.756871752004992,
0.7527462384979551,
0.7485909483349906,
0.744406045888419,
0.7401916967019436,
0.7359480674841035,
0.7316753261016784,
0.7273736415730488,
0.7230431840615095,
0.7186841248685385,
0.7142966364270211,
0.7098808922944289,
0.7054370671459533,
0.7009653367675978,
0.6964658780492221,
0.6919388689775462,
0.6873844886291104,
0.6828029171631891,
0.6781943358146665,
0.673558926886866,
0.6688968737443397,
0.6642083608056142,
0.6594935735358961,
0.6547526984397353,
0.6499859230536469,
0.6451934359386937,
0.6403754266730263,
0.6355320858443845,
0.6306636050425573,
0.6257701768518059,
0.6208519948432437,
0.6159092535671797,
0.6109421485454231,
0.6059508762635484,
0.6009356341631231,
0.5958966206338979,
0.5908340350059583,
0.5857480775418397,
0.5806389494286058,
0.5755068527698903,
0.5703519905779019,
0.5651745667653929,
0.5599747861375954,
0.5547528543841173,
0.5495089780708062,
0.5442433646315792,
0.5389562223602167,
0.5336477604021226,
0.5283181887460517,
0.5229677182158028,
0.5175965604618787,
0.5122049279531147,
0.5067930339682729,
0.5013610925876063,
0.49590931868438953,
0.4904379279164206,
0.4849471367174879,
0.47943716228880995,
0.47390822259044335,
0.4683605363326608,
0.4627943229672993,
0.4572098026790794,
0.4516071963768954,
0.44598672568507636,
0.44034861293461974,
0.4346930811543961,
0.4290203540623265,
0.4233306560565345,
0.41762421220646706,
0.4119012482439928,
0.4061619905544726,
0.40040666616780407,
0.3946355027494411,
0.3888487285913878,
0.38304657260316805,
0.37722926430277026,
0.3713970338075685,
0.36555011182521946,
0.3596887296445362,
0.3538131191263388,
0.347923512694284,
0.3420201433256689,
0.33610324454221624,
0.330173050400837,
0.3242297954843712,
0.3182737148923088,
0.3123050442314898,
0.3063240196067838,
0.30033087761175087,
0.29432585531928224,
0.2883091902722223,
0.2822811204739722,
0.2762418843790745,
0.27019172088378224,
0.26413086931660645,
0.25805956942885044,
0.2519780613851254,
0.24588658575385056,
0.2397853834977363,
0.23367469596425278,
0.22755476487608275,
0.22142583232155955,
0.21528814074509078,
0.20914193293756786,
0.20298745202676186,
0.19682494146770554,
0.1906546450330647,
0.18447680680349254,
0.17829167115797617,
0.17209948276416928,
0.16590048656871365,
0.15969492778754976,
0.15348305189621664,
0.14726510462014156,
0.14104133192491974,
0.1348119800065847,
0.12857729528186918,
0.12233752437845731,
0.11609291412523036,
0.10984371154250018,
0.10359016383223951,
0.09733251836830287,
0.09107102268664109,
0.0848059244755095,
0.07853747156566997,
0.07226591192058739,
0.06599149362662092,
0.05971446488321034,
0.05343507399305791,
0.04715356935230619,
0.04087019944071169,
0.034585212811817465,
0.028298858083118276,
0.022011383926227784,
0.015723039057041255,
0.009434072225897046,
0.0031447322077366876,
-0.0031447322077359985,
-0.009434072225896357,
-0.015723039057040564,
-0.022011383926227094,
-0.02829885808311759,
-0.03458521281181678,
-0.04087019944071145,
-0.047153569352305504,
-0.053435073993057226,
-0.05971446488320965,
-0.06599149362662023,
-0.07226591192058669,
-0.07853747156566927,
-0.08480592447550882,
-0.09107102268664041,
-0.09733251836830219,
-0.10359016383223883,
-0.1098437115424995,
-0.11609291412522968,
-0.12233752437845706,
-0.12857729528186848,
-0.134811980006584,
-0.14104133192491908,
-0.14726510462014086,
-0.15348305189621594,
-0.15969492778754907,
-0.16590048656871298,
-0.17209948276416862,
-0.1782916711579755,
-0.18447680680349185,
-0.19065464503306404,
-0.19682494146770485,
-0.20298745202676116,
-0.20914193293756717,
-0.2152881407450901,
-0.22142583232155888,
-0.2275547648760821,
-0.2336746959642521,
-0.23978538349773562,
-0.2458865857538499,
-0.25197806138512474,
-0.2580595694288498,
-0.2641308693166058,
-0.27019172088378157,
-0.2762418843790738,
-0.2822811204739715,
-0.2883091902722216,
-0.29432585531928157,
-0.3003308776117502,
-0.3063240196067831,
-0.31230504423148914,
-0.3182737148923082,
-0.32422979548437053,
-0.33017305040083633,
-0.33610324454221563,
-0.3420201433256682,
-0.34792351269428334,
-0.35381311912633856,
-0.3596887296445355,
-0.3655501118252188,
-0.3713970338075679,
-0.37722926430276965,
-0.3830465726031674,
-0.38884872859138714,
-0.3946355027494405,
-0.40040666616780346,
-0.406161990554472,
-0.4119012482439922,
-0.41762421220646645,
-0.4233306560565339,
-0.4290203540623263,
-0.4346930811543954,
-0.44034861293461913,
-0.44598672568507575,
-0.4516071963768948,
-0.4572098026790788,
-0.46279432296729867,
-0.46836053633266017,
-0.47390822259044274,
-0.47943716228880934,
-0.4849471367174873,
-0.49043792791642005,
-0.495909318684389,
-0.5013610925876058,
-0.5067930339682724,
-0.5122049279531141,
-0.5175965604618782,
-0.5229677182158022,
-0.5283181887460511,
-0.533647760402122,
-0.538956222360216,
-0.5442433646315786,
-0.5495089780708056,
-0.5547528543841167,
-0.5599747861375949,
-0.5651745667653922,
-0.5703519905779012,
-0.5755068527698898,
-0.5806389494286053,
-0.5857480775418391,
-0.5908340350059578,
-0.5958966206338974,
-0.6009356341631226,
-0.6059508762635478,
-0.6109421485454225,
-0.6159092535671792,
-0.6208519948432432,
-0.6257701768518055,
-0.630663605042557,
-0.6355320858443839,
-0.6403754266730258,
-0.6451934359386932,
-0.6499859230536464,
-0.6547526984397347,
-0.6594935735358957,
-0.6642083608056136,
-0.6688968737443391,
-0.6735589268868655,
-0.6781943358146659,
-0.6828029171631886,
-0.6873844886291098,
-0.6919388689775461,
-0.6964658780492216,
-0.7009653367675972,
-0.7054370671459529,
-0.7098808922944283,
-0.7142966364270207,
-0.718684124868538,
-0.723043184061509,
-0.7273736415730484,
-0.731675326101678,
-0.735948067484103,
-0.7401916967019432,
-0.7444060458884185,
-0.7485909483349905,
-0.7527462384979546,
-0.7568717520049916,
-0.760967325661667,
-0.7650327974578898,
-0.7690680065743162,
-0.7730727933887175,
-0.7770469994822885,
-0.7809904676459172,
-0.7849030418864044,
-0.788784567432631,
-0.7926348907416847,
-0.7964538595049286,
-0.8002413226540319,
-0.8039971303669401,
-0.8077211340738066,
-0.8114131864628653,
-0.815073141486262,
-0.8187008543658276,
-0.8222961815988091,
-0.8258589809635432,
-0.8293891115250824,
-0.8328864336407734,
-0.8363508089657758,
-0.8397821004585396,
-0.843180172386222,
-0.8465448903300604,
-0.849876121190686,
-0.8531737331933926,
-0.8564375958933454,
-0.8596675801807451,
-0.8628635582859306,
-0.8660254037844384,
-0.8691529916019989,
-0.872246198019486,
-0.8753049006778129,
-0.8783289785827684,
-0.8813183121098069,
-0.8842727830087774,
-0.8871922744086039,
-0.8900766708219056,
-0.8929258581495684,
-0.895739723685255,
-0.8985181561198671,
-0.9012610455459443,
-0.9039682834620159,
-0.9066397627768893,
-0.9092753778138882,
-0.9118750243150336,
-0.9144385994451655,
-0.9169660017960133,
-0.9194571313902051,
-0.921911889685225,
-0.9243301795773081,
-0.9267119054052849,
-0.9290569729543624,
-0.931365289459854,
-0.9336367636108458,
-0.9358713055538118,
-0.9380688268961658,
-0.9402292407097588,
-0.9423524615343186,
-0.9444384053808287,
-0.9464869897348523,
-0.948498133559795,
-0.9504717573001115,
-0.9524077828844512,
-0.9543061337287487,
-0.9561667347392507,
-0.9579895123154888,
-0.959774394353189,
-0.9615213102471253,
-0.9632301908939126,
-0.9649009686947388,
-0.9665335775580413,
-0.9681279529021186,
-0.9696840316576876,
-0.9712017522703761,
-0.97268105470316,
-0.974121880438736,
-0.9755241724818386,
-0.9768878753614924,
-0.9782129351332083,
-0.9794992993811165,
-0.9807469172200395,
-0.9819557392975067,
-0.9831257177957041,
-0.9842568064333687,
-0.9853489604676163,
-0.9864021366957145,
-0.9874162934567888,
-0.9883913906334727,
-0.9893273896534934,
-0.9902242534911985,
-0.9910819466690195,
-0.9919004352588768,
-0.9926796868835203,
-0.9934196707178107,
-0.9941203574899392,
-0.9947817194825852,
-0.9954037305340125,
-0.9959863660391043,
-0.9965296029503367,
-0.9970334197786901,
-0.9974977965944997,
-0.9979227150282431,
-0.9983081582712682,
-0.9986541110764564,
-0.9989605597588274,
-0.9992274921960794,
-0.9994548978290693,
-0.9996427676622299,
-0.9997910942639261,
-0.9998998717667489,
-0.9999690958677468,
-0.9999987638285974,
-0.999988874475714,
-0.9999394282002937,
-0.9998504269583004,
-0.9997218742703887,
-0.9995537752217639,
-0.9993461364619809,
-0.9990989662046815,
-0.9988122742272691,
-0.9984860718705224,
-0.9981203720381463,
-0.9977151891962615,
-0.9972705393728327,
-0.9967864401570343,
-0.9962629106985544,
-0.9956999717068378,
-0.9950976454502661,
-0.9944559557552776,
-0.9937749280054243,
-0.9930545891403677,
-0.9922949676548137,
-0.9914960935973849,
-0.9906579985694317,
-0.9897807157237836,
-0.9888642797634357,
-0.9879087269401782,
-0.9869140950531601,
-0.9858804234473959,
-0.9848077530122081,
-0.9836961261796103,
-0.9825455869226278,
-0.9813561807535597,
-0.9801279547221767,
-0.9788609574138615,
-0.9775552389476864,
-0.9762108509744296,
-0.9748278466745344,
-0.9734062807560028,
-0.9719462094522338,
-0.9704476905197971,
-0.9689107832361498,
-0.9673355483972903,
-0.9657220483153549,
-0.9640703468161508,
-0.9623805092366338,
-0.9606526024223212,
-0.9588866947246498,
-0.957082855998271,
-0.9552411575982869,
-0.9533616723774295,
-0.9514444746831767,
-0.9494896403548136,
-0.9474972467204299,
-0.9454673725938637,
-0.9434000982715813,
-0.9412955055295036,
-0.939153677619768,
-0.9369746992674384,
-0.9347586566671513,
-0.9325056374797075,
-0.9302157308286045,
-0.9278890272965095,
-0.9255256189216783,
-0.9231255991943125,
-0.9206890630528635,
-0.9182161068802741,
-0.9157068285001695,
-0.9131613271729835,
-0.910579703592036,
-0.9079620598795464,
-0.9053084995825971,
-0.9026191276690343,
-0.8998940505233183,
-0.8971333759423143,
-0.8943372131310273,
-0.8915056726982842,
-0.888638866652356,
-0.8857369083965297,
-0.8827999127246198,
-0.8798279958164298,
-0.8768212752331538,
-0.8737798699127289,
-0.8707039001651278,
-0.8675934876676018,
-0.8644487554598652,
-0.8612698279392309,
-0.8580568308556878,
-0.8548098913069261,
-0.8515291377333117,
-0.8482146999128025,
-0.8448667089558183,
-0.8414852973000504,
-0.8380705987052269,
-0.8346227482478176,
-0.8311418823156941,
-0.8276281386027314,
-0.8240816561033645,
-0.8205025751070878,
-0.8168910371929055,
-0.8132471852237334,
-0.8095711633407442,
-0.8058631169576695,
-0.802123192755044,
-0.7983515386744064,
-0.7945483039124439,
-0.7907136389150943,
-0.7868476953715903,
-0.7829506262084637,
-0.7790225855834915,
-0.7750637288796017,
-0.7710742126987251,
-0.7670541948555989,
-0.7630038343715277,
-0.7589232914680891,
-0.7548127275607994,
-0.7506723052527245,
-0.7465021883280526,
-0.7423025417456096,
-0.7380735316323396,
-0.733815325276728,
-0.7295280911221891,
-0.7252119987603977,
-0.7208672189245852,
-0.7164939234827836,
-0.7120922854310257,
-0.7076624788865049,
-0.7032046790806841,
-0.698719062352368,
-0.6942058061407228,
-0.6896650889782625,
-0.6850970904837812,
-0.6805019913552531,
-0.6758799733626795,
-0.6712312193409035,
-0.6665559131823725,
-0.6618542398298681,
-0.6571263852691891,
-0.6523725365217912,
-0.6475928816373946,
-0.6427876096865396,
-0.6379569107531126,
-0.6331009759268216,
-0.628219997295643,
-0.623314167938217,
-0.6183836819162161,
-0.6134287342666622,
-0.6084495209942179,
-0.6034462390634266,
-0.598419086390927,
-0.5933682618376209,
-0.5882939652008053,
-0.5831963972062739,
-0.578075759500371,
-0.5729322546420206,
-0.5677660860947081,
-0.5625774582184379,
-0.5573665762616425,
-0.552133646353071,
-0.5468788754936279,
-0.541602471548191,
-0.536304643237383,
-0.5309856001293205,
-0.5256455526313213,
-0.5202847119815792,
-0.5149032902408134,
-0.5095015002838734,
-0.5040795557913254,
-0.49863767124099184,
-0.49317606189947516,
-0.487694943813635,
-0.4821945338020486,
-0.47667504944642797,
-0.4711367090830188,
-0.4655797317939577,
-0.4600043373986112,
-0.45441074644487806,
-0.44879918020046244,
-0.4431698606441268,
-0.4375230104569046,
-0.4318588530132981,
-0.4261776123724357,
-0.4204795132692152,
-0.4147647811054075,
-0.4090336419407468,
-0.4032863224839818,
-0.3975230500839139,
-0.3917440527203979,
-0.38594955899532896,
-0.3801397981235974,
-0.3743149999240192,
-0.36847539481025066,
-0.3626212137816673,
-0.3567526884142326,
-0.35087005085133094,
-0.3449735337945914,
-0.3390633704946757,
-0.3331397947420585,
-0.3272030408577722,
-0.3212533436841447,
-0.3152909385755031,
-0.30931606138886913,
-0.3033289484746273,
-0.2973298366671726,
-0.29131896327554796,
-0.2852965660740502,
-0.2792628832928309,
-0.2732181536084663,
-0.26716261613452225,
-0.26109651041208876,
-0.25502007640031144,
-0.24893355446689222,
-0.24283718537858734,
-0.23673121029168043,
-0.23061587074244044,
-0.22449140863757333,
-0.21835806624464577,
-0.2122160861825087,
-0.20606571141169297,
-0.19990718522480547,
-0.19374075123689813,
-0.18756665337583808,
-0.18138513587265162,
-0.17519644325187,
-0.16900082032184968,
-0.16279851216509456,
-0.15658976412855838,
-0.150374821813937,
-0.14415393106795907,
-0.13792733797265394,
-0.13169528883562445,
-0.12545803018029647,
-0.11921580873617425,
-0.11296887142907333,
-0.10671746537135988,
-0.10046183785216851,
-0.0942022363276273,
-0.08793890841106189,
-0.08167210186320688,
-0.0754020645824023,
-0.06912904459478485,
-0.06285329004448273,
-0.056575049183792726,
-0.05029457036336704,
-0.04401210202238211,
-0.0377278926787181,
-0.031442190919121114,
-0.02515524538937684,
-0.018867304784467676,
-0.012578617838742121,
-0.006289433316068405,
-2.4492935982947064e-16,
};

int16_t sin_int[1000]=
{
0,
103,
206,
309,
412,
515,
618,
721,
824,
927,
1030,
1133,
1235,
1338,
1441,
1543,
1646,
1748,
1851,
1953,
2056,
2158,
2260,
2362,
2464,
2566,
2667,
2769,
2870,
2972,
3073,
3174,
3275,
3376,
3477,
3578,
3678,
3778,
3879,
3979,
4079,
4178,
4278,
4377,
4476,
4575,
4674,
4773,
4871,
4970,
5068,
5166,
5263,
5361,
5458,
5555,
5652,
5749,
5845,
5941,
6037,
6133,
6228,
6323,
6418,
6513,
6607,
6702,
6796,
6889,
6982,
7076,
7168,
7261,
7353,
7445,
7537,
7628,
7719,
7810,
7900,
7990,
8080,
8170,
8259,
8348,
8436,
8524,
8612,
8700,
8787,
8874,
8960,
9046,
9132,
9217,
9302,
9387,
9471,
9555,
9639,
9722,
9804,
9887,
9969,
10050,
10132,
10212,
10293,
10373,
10452,
10531,
10610,
10688,
10766,
10844,
10921,
10997,
11074,
11149,
11225,
11299,
11374,
11448,
11521,
11594,
11667,
11739,
11811,
11882,
11953,
12023,
12093,
12162,
12231,
12299,
12367,
12434,
12501,
12567,
12633,
12699,
12764,
12828,
12892,
12955,
13018,
13080,
13142,
13203,
13264,
13324,
13384,
13443,
13502,
13560,
13617,
13674,
13731,
13787,
13842,
13897,
13951,
14005,
14058,
14111,
14163,
14215,
14266,
14316,
14366,
14415,
14464,
14512,
14559,
14606,
14653,
14699,
14744,
14789,
14833,
14876,
14919,
14961,
15003,
15044,
15085,
15124,
15164,
15203,
15241,
15278,
15315,
15351,
15387,
15422,
15457,
15491,
15524,
15556,
15588,
15620,
15651,
15681,
15710,
15739,
15768,
15795,
15822,
15849,
15875,
15900,
15924,
15948,
15972,
15994,
16016,
16038,
16058,
16079,
16098,
16117,
16135,
16153,
16170,
16186,
16202,
16217,
16231,
16245,
16258,
16270,
16282,
16293,
16304,
16314,
16323,
16331,
16339,
16347,
16353,
16359,
16365,
16369,
16373,
16377,
16379,
16382,
16383,
16384,
16384,
16383,
16382,
16381,
16378,
16375,
16371,
16367,
16362,
16356,
16350,
16343,
16335,
16327,
16318,
16309,
16299,
16288,
16276,
16264,
16251,
16238,
16224,
16209,
16194,
16178,
16161,
16144,
16126,
16108,
16088,
16069,
16048,
16027,
16005,
15983,
15960,
15936,
15912,
15887,
15862,
15836,
15809,
15782,
15754,
15725,
15696,
15666,
15635,
15604,
15573,
15540,
15507,
15474,
15440,
15405,
15369,
15333,
15297,
15259,
15222,
15183,
15144,
15105,
15064,
15024,
14982,
14940,
14898,
14854,
14811,
14766,
14721,
14676,
14630,
14583,
14536,
14488,
14440,
14391,
14341,
14291,
14240,
14189,
14137,
14085,
14032,
13978,
13924,
13870,
13815,
13759,
13703,
13646,
13589,
13531,
13473,
13414,
13354,
13294,
13234,
13173,
13111,
13049,
12987,
12923,
12860,
12796,
12731,
12666,
12600,
12534,
12468,
12401,
12333,
12265,
12196,
12127,
12058,
11988,
11917,
11846,
11775,
11703,
11631,
11558,
11485,
11411,
11337,
11262,
11187,
11112,
11036,
10959,
10882,
10805,
10727,
10649,
10571,
10492,
10413,
10333,
10253,
10172,
10091,
10010,
9928,
9846,
9763,
9680,
9597,
9513,
9429,
9345,
9260,
9175,
9089,
9003,
8917,
8830,
8743,
8656,
8568,
8480,
8392,
8303,
8214,
8125,
8035,
7945,
7855,
7765,
7674,
7582,
7491,
7399,
7307,
7215,
7122,
7029,
6936,
6842,
6749,
6655,
6560,
6466,
6371,
6276,
6181,
6085,
5989,
5893,
5797,
5700,
5604,
5507,
5410,
5312,
5215,
5117,
5019,
4921,
4822,
4724,
4625,
4526,
4427,
4328,
4228,
4128,
4029,
3929,
3829,
3728,
3628,
3527,
3427,
3326,
3225,
3124,
3022,
2921,
2820,
2718,
2616,
2515,
2413,
2311,
2209,
2107,
2004,
1902,
1800,
1697,
1595,
1492,
1389,
1287,
1184,
1081,
978,
875,
773,
670,
567,
464,
361,
258,
155,
52,
-52,
-155,
-258,
-361,
-464,
-567,
-670,
-773,
-875,
-978,
-1081,
-1184,
-1287,
-1389,
-1492,
-1595,
-1697,
-1800,
-1902,
-2004,
-2107,
-2209,
-2311,
-2413,
-2515,
-2616,
-2718,
-2820,
-2921,
-3022,
-3124,
-3225,
-3326,
-3427,
-3527,
-3628,
-3728,
-3829,
-3929,
-4029,
-4128,
-4228,
-4328,
-4427,
-4526,
-4625,
-4724,
-4822,
-4921,
-5019,
-5117,
-5215,
-5312,
-5410,
-5507,
-5604,
-5700,
-5797,
-5893,
-5989,
-6085,
-6181,
-6276,
-6371,
-6466,
-6560,
-6655,
-6749,
-6842,
-6936,
-7029,
-7122,
-7215,
-7307,
-7399,
-7491,
-7582,
-7674,
-7765,
-7855,
-7945,
-8035,
-8125,
-8214,
-8303,
-8392,
-8480,
-8568,
-8656,
-8743,
-8830,
-8917,
-9003,
-9089,
-9175,
-9260,
-9345,
-9429,
-9513,
-9597,
-9680,
-9763,
-9846,
-9928,
-10010,
-10091,
-10172,
-10253,
-10333,
-10413,
-10492,
-10571,
-10649,
-10727,
-10805,
-10882,
-10959,
-11036,
-11112,
-11187,
-11262,
-11337,
-11411,
-11485,
-11558,
-11631,
-11703,
-11775,
-11846,
-11917,
-11988,
-12058,
-12127,
-12196,
-12265,
-12333,
-12401,
-12468,
-12534,
-12600,
-12666,
-12731,
-12796,
-12860,
-12923,
-12987,
-13049,
-13111,
-13173,
-13234,
-13294,
-13354,
-13414,
-13473,
-13531,
-13589,
-13646,
-13703,
-13759,
-13815,
-13870,
-13924,
-13978,
-14032,
-14085,
-14137,
-14189,
-14240,
-14291,
-14341,
-14391,
-14440,
-14488,
-14536,
-14583,
-14630,
-14676,
-14721,
-14766,
-14811,
-14854,
-14898,
-14940,
-14982,
-15024,
-15064,
-15105,
-15144,
-15183,
-15222,
-15259,
-15297,
-15333,
-15369,
-15405,
-15440,
-15474,
-15507,
-15540,
-15573,
-15604,
-15635,
-15666,
-15696,
-15725,
-15754,
-15782,
-15809,
-15836,
-15862,
-15887,
-15912,
-15936,
-15960,
-15983,
-16005,
-16027,
-16048,
-16069,
-16088,
-16108,
-16126,
-16144,
-16161,
-16178,
-16194,
-16209,
-16224,
-16238,
-16251,
-16264,
-16276,
-16288,
-16299,
-16309,
-16318,
-16327,
-16335,
-16343,
-16350,
-16356,
-16362,
-16367,
-16371,
-16375,
-16378,
-16381,
-16382,
-16383,
-16384,
-16384,
-16383,
-16382,
-16379,
-16377,
-16373,
-16369,
-16365,
-16359,
-16353,
-16347,
-16339,
-16331,
-16323,
-16314,
-16304,
-16293,
-16282,
-16270,
-16258,
-16245,
-16231,
-16217,
-16202,
-16186,
-16170,
-16153,
-16135,
-16117,
-16098,
-16079,
-16058,
-16038,
-16016,
-15994,
-15972,
-15948,
-15924,
-15900,
-15875,
-15849,
-15822,
-15795,
-15768,
-15739,
-15710,
-15681,
-15651,
-15620,
-15588,
-15556,
-15524,
-15491,
-15457,
-15422,
-15387,
-15351,
-15315,
-15278,
-15241,
-15203,
-15164,
-15124,
-15085,
-15044,
-15003,
-14961,
-14919,
-14876,
-14833,
-14789,
-14744,
-14699,
-14653,
-14606,
-14559,
-14512,
-14464,
-14415,
-14366,
-14316,
-14266,
-14215,
-14163,
-14111,
-14058,
-14005,
-13951,
-13897,
-13842,
-13787,
-13731,
-13674,
-13617,
-13560,
-13502,
-13443,
-13384,
-13324,
-13264,
-13203,
-13142,
-13080,
-13018,
-12955,
-12892,
-12828,
-12764,
-12699,
-12633,
-12567,
-12501,
-12434,
-12367,
-12299,
-12231,
-12162,
-12093,
-12023,
-11953,
-11882,
-11811,
-11739,
-11667,
-11594,
-11521,
-11448,
-11374,
-11299,
-11225,
-11149,
-11074,
-10997,
-10921,
-10844,
-10766,
-10688,
-10610,
-10531,
-10452,
-10373,
-10293,
-10212,
-10132,
-10050,
-9969,
-9887,
-9804,
-9722,
-9639,
-9555,
-9471,
-9387,
-9302,
-9217,
-9132,
-9046,
-8960,
-8874,
-8787,
-8700,
-8612,
-8524,
-8436,
-8348,
-8259,
-8170,
-8080,
-7990,
-7900,
-7810,
-7719,
-7628,
-7537,
-7445,
-7353,
-7261,
-7168,
-7076,
-6982,
-6889,
-6796,
-6702,
-6607,
-6513,
-6418,
-6323,
-6228,
-6133,
-6037,
-5941,
-5845,
-5749,
-5652,
-5555,
-5458,
-5361,
-5263,
-5166,
-5068,
-4970,
-4871,
-4773,
-4674,
-4575,
-4476,
-4377,
-4278,
-4178,
-4079,
-3979,
-3879,
-3778,
-3678,
-3578,
-3477,
-3376,
-3275,
-3174,
-3073,
-2972,
-2870,
-2769,
-2667,
-2566,
-2464,
-2362,
-2260,
-2158,
-2056,
-1953,
-1851,
-1748,
-1646,
-1543,
-1441,
-1338,
-1235,
-1133,
-1030,
-927,
-824,
-721,
-618,
-515,
-412,
-309,
-206,
-103,
0,
};

float32_t square_f32[1000]=
{
1.0,
1.0,
1.0,
1.0,
1.0,
1.0,
1.0,
1.0,
1.0,
1.0,
1.0,
1.0,
1.0,
1.0,
1.0,
1.0,
1.0,
1.0,
1.0,
1.0,
1.0,
1.0,
1.0,
1.0,
1.0,
1.0,
1.0,
1.0,
1.0,
1.0,
1.0,
1.0,
1.0,
1.0,
1.0,
1.0,
1.0,
1.0,
1.0,
1.0,
1.0,
1.0,
1.0,
1.0,
1.0,
1.0,
1.0,
1.0,
1.0,
1.0,
1.0,
1.0,
1.0,
1.0,
1.0,
1.0,
1.0,
1.0,
1.0,
1.0,
1.0,
1.0,
1.0,
1.0,
1.0,
1.0,
1.0,
1.0,
1.0,
1.0,
1.0,
1.0,
1.0,
1.0,
1.0,
1.0,
1.0,
1.0,
1.0,
1.0,
1.0,
1.0,
1.0,
1.0,
1.0,
1.0,
1.0,
1.0,
1.0,
1.0,
1.0,
1.0,
1.0,
1.0,
1.0,
1.0,
1.0,
1.0,
1.0,
1.0,
1.0,
1.0,
1.0,
1.0,
1.0,
1.0,
1.0,
1.0,
1.0,
1.0,
1.0,
1.0,
1.0,
1.0,
1.0,
1.0,
1.0,
1.0,
1.0,
1.0,
1.0,
1.0,
1.0,
1.0,
1.0,
1.0,
1.0,
1.0,
1.0,
1.0,
1.0,
1.0,
1.0,
1.0,
1.0,
1.0,
1.0,
1.0,
1.0,
1.0,
1.0,
1.0,
1.0,
1.0,
1.0,
1.0,
1.0,
1.0,
1.0,
1.0,
1.0,
1.0,
1.0,
1.0,
1.0,
1.0,
1.0,
1.0,
1.0,
1.0,
1.0,
1.0,
1.0,
1.0,
1.0,
1.0,
1.0,
1.0,
1.0,
1.0,
1.0,
1.0,
1.0,
1.0,
1.0,
1.0,
1.0,
1.0,
1.0,
1.0,
1.0,
1.0,
1.0,
1.0,
1.0,
1.0,
1.0,
1.0,
1.0,
1.0,
1.0,
1.0,
1.0,
1.0,
1.0,
1.0,
1.0,
1.0,
1.0,
1.0,
1.0,
1.0,
1.0,
1.0,
1.0,
1.0,
1.0,
1.0,
1.0,
1.0,
1.0,
1.0,
1.0,
1.0,
1.0,
1.0,
1.0,
1.0,
1.0,
1.0,
1.0,
1.0,
1.0,
1.0,
1.0,
1.0,
1.0,
1.0,
1.0,
1.0,
1.0,
1.0,
1.0,
1.0,
1.0,
1.0,
1.0,
1.0,
1.0,
1.0,
1.0,
1.0,
1.0,
1.0,
1.0,
1.0,
1.0,
1.0,
1.0,
1.0,
1.0,
1.0,
1.0,
1.0,
1.0,
1.0,
1.0,
1.0,
1.0,
1.0,
1.0,
1.0,
1.0,
1.0,
1.0,
1.0,
1.0,
1.0,
1.0,
1.0,
1.0,
1.0,
1.0,
1.0,
1.0,
1.0,
1.0,
1.0,
1.0,
1.0,
1.0,
1.0,
1.0,
1.0,
1.0,
1.0,
1.0,
1.0,
1.0,
1.0,
1.0,
1.0,
1.0,
1.0,
1.0,
1.0,
1.0,
1.0,
1.0,
1.0,
1.0,
1.0,
1.0,
1.0,
1.0,
1.0,
1.0,
1.0,
1.0,
1.0,
1.0,
1.0,
1.0,
1.0,
1.0,
1.0,
1.0,
1.0,
1.0,
1.0,
1.0,
1.0,
1.0,
1.0,
1.0,
1.0,
1.0,
1.0,
1.0,
1.0,
1.0,
1.0,
1.0,
1.0,
1.0,
1.0,
1.0,
1.0,
1.0,
1.0,
1.0,
1.0,
1.0,
1.0,
1.0,
1.0,
1.0,
1.0,
1.0,
1.0,
1.0,
1.0,
1.0,
1.0,
1.0,
1.0,
1.0,
1.0,
1.0,
1.0,
1.0,
1.0,
1.0,
1.0,
1.0,
1.0,
1.0,
1.0,
1.0,
1.0,
1.0,
1.0,
1.0,
1.0,
1.0,
1.0,
1.0,
1.0,
1.0,
1.0,
1.0,
1.0,
1.0,
1.0,
1.0,
1.0,
1.0,
1.0,
1.0,
1.0,
1.0,
1.0,
1.0,
1.0,
1.0,
1.0,
1.0,
1.0,
1.0,
1.0,
1.0,
1.0,
1.0,
1.0,
1.0,
1.0,
1.0,
1.0,
1.0,
1.0,
1.0,
1.0,
1.0,
1.0,
1.0,
1.0,
1.0,
1.0,
1.0,
1.0,
1.0,
1.0,
1.0,
1.0,
1.0,
1.0,
1.0,
1.0,
1.0,
1.0,
1.0,
1.0,
1.0,
1.0,
1.0,
1.0,
1.0,
1.0,
1.0,
1.0,
1.0,
1.0,
1.0,
1.0,
1.0,
1.0,
1.0,
1.0,
1.0,
1.0,
1.0,
1.0,
1.0,
1.0,
1.0,
1.0,
1.0,
1.0,
1.0,
1.0,
1.0,
1.0,
1.0,
1.0,
1.0,
1.0,
1.0,
1.0,
1.0,
1.0,
1.0,
1.0,
1.0,
1.0,
1.0,
1.0,
1.0,
1.0,
1.0,
1.0,
1.0,
1.0,
1.0,
1.0,
1.0,
1.0,
1.0,
1.0,
1.0,
1.0,
1.0,
1.0,
1.0,
1.0,
1.0,
1.0,
1.0,
1.0,
1.0,
1.0,
-1.0,
-1.0,
-1.0,
-1.0,
-1.0,
-1.0,
-1.0,
-1.0,
-1.0,
-1.0,
-1.0,
-1.0,
-1.0,
-1.0,
-1.0,
-1.0,
-1.0,
-1.0,
-1.0,
-1.0,
-1.0,
-1.0,
-1.0,
-1.0,
-1.0,
-1.0,
-1.0,
-1.0,
-1.0,
-1.0,
-1.0,
-1.0,
-1.0,
-1.0,
-1.0,
-1.0,
-1.0,
-1.0,
-1.0,
-1.0,
-1.0,
-1.0,
-1.0,
-1.0,
-1.0,
-1.0,
-1.0,
-1.0,
-1.0,
-1.0,
-1.0,
-1.0,
-1.0,
-1.0,
-1.0,
-1.0,
-1.0,
-1.0,
-1.0,
-1.0,
-1.0,
-1.0,
-1.0,
-1.0,
-1.0,
-1.0,
-1.0,
-1.0,
-1.0,
-1.0,
-1.0,
-1.0,
-1.0,
-1.0,
-1.0,
-1.0,
-1.0,
-1.0,
-1.0,
-1.0,
-1.0,
-1.0,
-1.0,
-1.0,
-1.0,
-1.0,
-1.0,
-1.0,
-1.0,
-1.0,
-1.0,
-1.0,
-1.0,
-1.0,
-1.0,
-1.0,
-1.0,
-1.0,
-1.0,
-1.0,
-1.0,
-1.0,
-1.0,
-1.0,
-1.0,
-1.0,
-1.0,
-1.0,
-1.0,
-1.0,
-1.0,
-1.0,
-1.0,
-1.0,
-1.0,
-1.0,
-1.0,
-1.0,
-1.0,
-1.0,
-1.0,
-1.0,
-1.0,
-1.0,
-1.0,
-1.0,
-1.0,
-1.0,
-1.0,
-1.0,
-1.0,
-1.0,
-1.0,
-1.0,
-1.0,
-1.0,
-1.0,
-1.0,
-1.0,
-1.0,
-1.0,
-1.0,
-1.0,
-1.0,
-1.0,
-1.0,
-1.0,
-1.0,
-1.0,
-1.0,
-1.0,
-1.0,
-1.0,
-1.0,
-1.0,
-1.0,
-1.0,
-1.0,
-1.0,
-1.0,
-1.0,
-1.0,
-1.0,
-1.0,
-1.0,
-1.0,
-1.0,
-1.0,
-1.0,
-1.0,
-1.0,
-1.0,
-1.0,
-1.0,
-1.0,
-1.0,
-1.0,
-1.0,
-1.0,
-1.0,
-1.0,
-1.0,
-1.0,
-1.0,
-1.0,
-1.0,
-1.0,
-1.0,
-1.0,
-1.0,
-1.0,
-1.0,
-1.0,
-1.0,
-1.0,
-1.0,
-1.0,
-1.0,
-1.0,
-1.0,
-1.0,
-1.0,
-1.0,
-1.0,
-1.0,
-1.0,
-1.0,
-1.0,
-1.0,
-1.0,
-1.0,
-1.0,
-1.0,
-1.0,
-1.0,
-1.0,
-1.0,
-1.0,
-1.0,
-1.0,
-1.0,
-1.0,
-1.0,
-1.0,
-1.0,
-1.0,
-1.0,
-1.0,
-1.0,
-1.0,
-1.0,
-1.0,
-1.0,
-1.0,
-1.0,
-1.0,
-1.0,
-1.0,
-1.0,
-1.0,
-1.0,
-1.0,
-1.0,
-1.0,
-1.0,
-1.0,
-1.0,
-1.0,
-1.0,
-1.0,
-1.0,
-1.0,
-1.0,
-1.0,
-1.0,
-1.0,
-1.0,
-1.0,
-1.0,
-1.0,
-1.0,
-1.0,
-1.0,
-1.0,
-1.0,
-1.0,
-1.0,
-1.0,
-1.0,
-1.0,
-1.0,
-1.0,
-1.0,
-1.0,
-1.0,
-1.0,
-1.0,
-1.0,
-1.0,
-1.0,
-1.0,
-1.0,
-1.0,
-1.0,
-1.0,
-1.0,
-1.0,
-1.0,
-1.0,
-1.0,
-1.0,
-1.0,
-1.0,
-1.0,
-1.0,
-1.0,
-1.0,
-1.0,
-1.0,
-1.0,
-1.0,
-1.0,
-1.0,
-1.0,
-1.0,
-1.0,
-1.0,
-1.0,
-1.0,
-1.0,
-1.0,
-1.0,
-1.0,
-1.0,
-1.0,
-1.0,
-1.0,
-1.0,
-1.0,
-1.0,
-1.0,
-1.0,
-1.0,
-1.0,
-1.0,
-1.0,
-1.0,
-1.0,
-1.0,
-1.0,
-1.0,
-1.0,
-1.0,
-1.0,
-1.0,
-1.0,
-1.0,
-1.0,
-1.0,
-1.0,
-1.0,
-1.0,
-1.0,
-1.0,
-1.0,
-1.0,
-1.0,
-1.0,
-1.0,
-1.0,
-1.0,
-1.0,
-1.0,
-1.0,
-1.0,
-1.0,
-1.0,
-1.0,
-1.0,
-1.0,
-1.0,
-1.0,
-1.0,
-1.0,
-1.0,
-1.0,
-1.0,
-1.0,
-1.0,
-1.0,
-1.0,
-1.0,
-1.0,
-1.0,
-1.0,
-1.0,
-1.0,
-1.0,
-1.0,
-1.0,
-1.0,
-1.0,
-1.0,
-1.0,
-1.0,
-1.0,
-1.0,
-1.0,
-1.0,
-1.0,
-1.0,
-1.0,
-1.0,
-1.0,
-1.0,
-1.0,
-1.0,
-1.0,
-1.0,
-1.0,
-1.0,
-1.0,
-1.0,
-1.0,
-1.0,
-1.0,
-1.0,
-1.0,
-1.0,
-1.0,
-1.0,
-1.0,
-1.0,
-1.0,
-1.0,
-1.0,
-1.0,
-1.0,
-1.0,
-1.0,
-1.0,
-1.0,
-1.0,
-1.0,
-1.0,
-1.0,
-1.0,
-1.0,
-1.0,
-1.0,
-1.0,
-1.0,
-1.0,
-1.0,
-1.0,
-1.0,
-1.0,
-1.0,
-1.0,
-1.0,
-1.0,
-1.0,
-1.0,
-1.0,
-1.0,
-1.0,
-1.0,
-1.0,
-1.0,
-1.0,
-1.0,
-1.0,
-1.0,
-1.0,
-1.0,
-1.0,
-1.0,
-1.0,
-1.0,
-1.0,
-1.0,
-1.0,
-1.0,
-1.0,
-1.0,
-1.0,
-1.0,
-1.0,
-1.0,
-1.0,
-1.0,
-1.0,
-1.0,
-1.0,
-1.0,
-1.0,
-1.0,
-1.0,
-1.0,
-1.0,
-1.0,
-1.0,
-1.0,
-1.0,
-1.0,
-1.0,
-1.0,
-1.0,
-1.0,
-1.0,
-1.0,
-1.0,
-1.0,
-1.0,
-1.0,
-1.0,
-1.0,
-1.0,
-1.0,
1.0,
};

int16_t square_int[1000]=
{
16384,
16384,
16384,
16384,
16384,
16384,
16384,
16384,
16384,
16384,
16384,
16384,
16384,
16384,
16384,
16384,
16384,
16384,
16384,
16384,
16384,
16384,
16384,
16384,
16384,
16384,
16384,
16384,
16384,
16384,
16384,
16384,
16384,
16384,
16384,
16384,
16384,
16384,
16384,
16384,
16384,
16384,
16384,
16384,
16384,
16384,
16384,
16384,
16384,
16384,
16384,
16384,
16384,
16384,
16384,
16384,
16384,
16384,
16384,
16384,
16384,
16384,
16384,
16384,
16384,
16384,
16384,
16384,
16384,
16384,
16384,
16384,
16384,
16384,
16384,
16384,
16384,
16384,
16384,
16384,
16384,
16384,
16384,
16384,
16384,
16384,
16384,
16384,
16384,
16384,
16384,
16384,
16384,
16384,
16384,
16384,
16384,
16384,
16384,
16384,
16384,
16384,
16384,
16384,
16384,
16384,
16384,
16384,
16384,
16384,
16384,
16384,
16384,
16384,
16384,
16384,
16384,
16384,
16384,
16384,
16384,
16384,
16384,
16384,
16384,
16384,
16384,
16384,
16384,
16384,
16384,
16384,
16384,
16384,
16384,
16384,
16384,
16384,
16384,
16384,
16384,
16384,
16384,
16384,
16384,
16384,
16384,
16384,
16384,
16384,
16384,
16384,
16384,
16384,
16384,
16384,
16384,
16384,
16384,
16384,
16384,
16384,
16384,
16384,
16384,
16384,
16384,
16384,
16384,
16384,
16384,
16384,
16384,
16384,
16384,
16384,
16384,
16384,
16384,
16384,
16384,
16384,
16384,
16384,
16384,
16384,
16384,
16384,
16384,
16384,
16384,
16384,
16384,
16384,
16384,
16384,
16384,
16384,
16384,
16384,
16384,
16384,
16384,
16384,
16384,
16384,
16384,
16384,
16384,
16384,
16384,
16384,
16384,
16384,
16384,
16384,
16384,
16384,
16384,
16384,
16384,
16384,
16384,
16384,
16384,
16384,
16384,
16384,
16384,
16384,
16384,
16384,
16384,
16384,
16384,
16384,
16384,
16384,
16384,
16384,
16384,
16384,
16384,
16384,
16384,
16384,
16384,
16384,
16384,
16384,
16384,
16384,
16384,
16384,
16384,
16384,
16384,
16384,
16384,
16384,
16384,
16384,
16384,
16384,
16384,
16384,
16384,
16384,
16384,
16384,
16384,
16384,
16384,
16384,
16384,
16384,
16384,
16384,
16384,
16384,
16384,
16384,
16384,
16384,
16384,
16384,
16384,
16384,
16384,
16384,
16384,
16384,
16384,
16384,
16384,
16384,
16384,
16384,
16384,
16384,
16384,
16384,
16384,
16384,
16384,
16384,
16384,
16384,
16384,
16384,
16384,
16384,
16384,
16384,
16384,
16384,
16384,
16384,
16384,
16384,
16384,
16384,
16384,
16384,
16384,
16384,
16384,
16384,
16384,
16384,
16384,
16384,
16384,
16384,
16384,
16384,
16384,
16384,
16384,
16384,
16384,
16384,
16384,
16384,
16384,
16384,
16384,
16384,
16384,
16384,
16384,
16384,
16384,
16384,
16384,
16384,
16384,
16384,
16384,
16384,
16384,
16384,
16384,
16384,
16384,
16384,
16384,
16384,
16384,
16384,
16384,
16384,
16384,
16384,
16384,
16384,
16384,
16384,
16384,
16384,
16384,
16384,
16384,
16384,
16384,
16384,
16384,
16384,
16384,
16384,
16384,
16384,
16384,
16384,
16384,
16384,
16384,
16384,
16384,
16384,
16384,
16384,
16384,
16384,
16384,
16384,
16384,
16384,
16384,
16384,
16384,
16384,
16384,
16384,
16384,
16384,
16384,
16384,
16384,
16384,
16384,
16384,
16384,
16384,
16384,
16384,
16384,
16384,
16384,
16384,
16384,
16384,
16384,
16384,
16384,
16384,
16384,
16384,
16384,
16384,
16384,
16384,
16384,
16384,
16384,
16384,
16384,
16384,
16384,
16384,
16384,
16384,
16384,
16384,
16384,
16384,
16384,
16384,
16384,
16384,
16384,
16384,
16384,
16384,
16384,
16384,
16384,
16384,
16384,
16384,
16384,
16384,
16384,
16384,
16384,
16384,
16384,
16384,
16384,
16384,
16384,
16384,
16384,
16384,
16384,
16384,
16384,
16384,
16384,
16384,
16384,
16384,
16384,
16384,
16384,
16384,
16384,
16384,
16384,
16384,
-16384,
-16384,
-16384,
-16384,
-16384,
-16384,
-16384,
-16384,
-16384,
-16384,
-16384,
-16384,
-16384,
-16384,
-16384,
-16384,
-16384,
-16384,
-16384,
-16384,
-16384,
-16384,
-16384,
-16384,
-16384,
-16384,
-16384,
-16384,
-16384,
-16384,
-16384,
-16384,
-16384,
-16384,
-16384,
-16384,
-16384,
-16384,
-16384,
-16384,
-16384,
-16384,
-16384,
-16384,
-16384,
-16384,
-16384,
-16384,
-16384,
-16384,
-16384,
-16384,
-16384,
-16384,
-16384,
-16384,
-16384,
-16384,
-16384,
-16384,
-16384,
-16384,
-16384,
-16384,
-16384,
-16384,
-16384,
-16384,
-16384,
-16384,
-16384,
-16384,
-16384,
-16384,
-16384,
-16384,
-16384,
-16384,
-16384,
-16384,
-16384,
-16384,
-16384,
-16384,
-16384,
-16384,
-16384,
-16384,
-16384,
-16384,
-16384,
-16384,
-16384,
-16384,
-16384,
-16384,
-16384,
-16384,
-16384,
-16384,
-16384,
-16384,
-16384,
-16384,
-16384,
-16384,
-16384,
-16384,
-16384,
-16384,
-16384,
-16384,
-16384,
-16384,
-16384,
-16384,
-16384,
-16384,
-16384,
-16384,
-16384,
-16384,
-16384,
-16384,
-16384,
-16384,
-16384,
-16384,
-16384,
-16384,
-16384,
-16384,
-16384,
-16384,
-16384,
-16384,
-16384,
-16384,
-16384,
-16384,
-16384,
-16384,
-16384,
-16384,
-16384,
-16384,
-16384,
-16384,
-16384,
-16384,
-16384,
-16384,
-16384,
-16384,
-16384,
-16384,
-16384,
-16384,
-16384,
-16384,
-16384,
-16384,
-16384,
-16384,
-16384,
-16384,
-16384,
-16384,
-16384,
-16384,
-16384,
-16384,
-16384,
-16384,
-16384,
-16384,
-16384,
-16384,
-16384,
-16384,
-16384,
-16384,
-16384,
-16384,
-16384,
-16384,
-16384,
-16384,
-16384,
-16384,
-16384,
-16384,
-16384,
-16384,
-16384,
-16384,
-16384,
-16384,
-16384,
-16384,
-16384,
-16384,
-16384,
-16384,
-16384,
-16384,
-16384,
-16384,
-16384,
-16384,
-16384,
-16384,
-16384,
-16384,
-16384,
-16384,
-16384,
-16384,
-16384,
-16384,
-16384,
-16384,
-16384,
-16384,
-16384,
-16384,
-16384,
-16384,
-16384,
-16384,
-16384,
-16384,
-16384,
-16384,
-16384,
-16384,
-16384,
-16384,
-16384,
-16384,
-16384,
-16384,
-16384,
-16384,
-16384,
-16384,
-16384,
-16384,
-16384,
-16384,
-16384,
-16384,
-16384,
-16384,
-16384,
-16384,
-16384,
-16384,
-16384,
-16384,
-16384,
-16384,
-16384,
-16384,
-16384,
-16384,
-16384,
-16384,
-16384,
-16384,
-16384,
-16384,
-16384,
-16384,
-16384,
-16384,
-16384,
-16384,
-16384,
-16384,
-16384,
-16384,
-16384,
-16384,
-16384,
-16384,
-16384,
-16384,
-16384,
-16384,
-16384,
-16384,
-16384,
-16384,
-16384,
-16384,
-16384,
-16384,
-16384,
-16384,
-16384,
-16384,
-16384,
-16384,
-16384,
-16384,
-16384,
-16384,
-16384,
-16384,
-16384,
-16384,
-16384,
-16384,
-16384,
-16384,
-16384,
-16384,
-16384,
-16384,
-16384,
-16384,
-16384,
-16384,
-16384,
-16384,
-16384,
-16384,
-16384,
-16384,
-16384,
-16384,
-16384,
-16384,
-16384,
-16384,
-16384,
-16384,
-16384,
-16384,
-16384,
-16384,
-16384,
-16384,
-16384,
-16384,
-16384,
-16384,
-16384,
-16384,
-16384,
-16384,
-16384,
-16384,
-16384,
-16384,
-16384,
-16384,
-16384,
-16384,
-16384,
-16384,
-16384,
-16384,
-16384,
-16384,
-16384,
-16384,
-16384,
-16384,
-16384,
-16384,
-16384,
-16384,
-16384,
-16384,
-16384,
-16384,
-16384,
-16384,
-16384,
-16384,
-16384,
-16384,
-16384,
-16384,
-16384,
-16384,
-16384,
-16384,
-16384,
-16384,
-16384,
-16384,
-16384,
-16384,
-16384,
-16384,
-16384,
-16384,
-16384,
-16384,
-16384,
-16384,
-16384,
-16384,
-16384,
-16384,
-16384,
-16384,
-16384,
-16384,
-16384,
-16384,
-16384,
-16384,
-16384,
-16384,
-16384,
-16384,
-16384,
-16384,
-16384,
-16384,
-16384,
-16384,
-16384,
-16384,
-16384,
-16384,
-16384,
-16384,
-16384,
-16384,
-16384,
-16384,
-16384,
-16384,
-16384,
-16384,
-16384,
-16384,
-16384,
-16384,
-16384,
-16384,
-16384,
-16384,
-16384,
-16384,
-16384,
-16384,
-16384,
-16384,
-16384,
-16384,
-16384,
-16384,
-16384,
-16384,
-16384,
-16384,
-16384,
-16384,
-16384,
-16384,
-16384,
-16384,
-16384,
-16384,
-16384,
-16384,
-16384,
-16384,
-16384,
-16384,
-16384,
-16384,
-16384,
-16384,
-16384,
-16384,
-16384,
-16384,
-16384,
-16384,
-16384,
-16384,
-16384,
-16384,
-16384,
-16384,
-16384,
-16384,
-16384,
-16384,
-16384,
-16384,
-16384,
16384,
};

float32_t triangle_f32[1000]=
{
-1.0,
-0.995995995995996,
-0.991991991991992,
-0.987987987987988,
-0.983983983983984,
-0.97997997997998,
-0.975975975975976,
-0.9719719719719719,
-0.967967967967968,
-0.963963963963964,
-0.95995995995996,
-0.955955955955956,
-0.9519519519519519,
-0.947947947947948,
-0.943943943943944,
-0.93993993993994,
-0.9359359359359359,
-0.9319319319319319,
-0.9279279279279279,
-0.923923923923924,
-0.91991991991992,
-0.9159159159159159,
-0.9119119119119119,
-0.9079079079079079,
-0.9039039039039038,
-0.8998998998998999,
-0.8958958958958959,
-0.8918918918918919,
-0.8878878878878879,
-0.8838838838838838,
-0.8798798798798799,
-0.8758758758758759,
-0.8718718718718719,
-0.8678678678678678,
-0.8638638638638638,
-0.8598598598598599,
-0.8558558558558559,
-0.8518518518518519,
-0.8478478478478478,
-0.8438438438438438,
-0.8398398398398399,
-0.8358358358358359,
-0.8318318318318318,
-0.8278278278278278,
-0.8238238238238238,
-0.8198198198198199,
-0.8158158158158159,
-0.8118118118118118,
-0.8078078078078078,
-0.8038038038038038,
-0.7997997997997999,
-0.7957957957957958,
-0.7917917917917918,
-0.7877877877877878,
-0.7837837837837838,
-0.7797797797797799,
-0.7757757757757757,
-0.7717717717717718,
-0.7677677677677678,
-0.7637637637637638,
-0.7597597597597597,
-0.7557557557557557,
-0.7517517517517518,
-0.7477477477477478,
-0.7437437437437437,
-0.7397397397397397,
-0.7357357357357357,
-0.7317317317317318,
-0.7277277277277278,
-0.7237237237237237,
-0.7197197197197197,
-0.7157157157157157,
-0.7117117117117118,
-0.7077077077077076,
-0.7037037037037037,
-0.6996996996996997,
-0.6956956956956957,
-0.6916916916916918,
-0.6876876876876876,
-0.6836836836836837,
-0.6796796796796797,
-0.6756756756756757,
-0.6716716716716717,
-0.6676676676676676,
-0.6636636636636637,
-0.6596596596596597,
-0.6556556556556556,
-0.6516516516516517,
-0.6476476476476476,
-0.6436436436436437,
-0.6396396396396397,
-0.6356356356356356,
-0.6316316316316317,
-0.6276276276276276,
-0.6236236236236237,
-0.6196196196196196,
-0.6156156156156156,
-0.6116116116116117,
-0.6076076076076076,
-0.6036036036036037,
-0.5995995995995996,
-0.5955955955955956,
-0.5915915915915917,
-0.5875875875875876,
-0.5835835835835836,
-0.5795795795795796,
-0.5755755755755756,
-0.5715715715715717,
-0.5675675675675675,
-0.5635635635635636,
-0.5595595595595596,
-0.5555555555555556,
-0.5515515515515516,
-0.5475475475475475,
-0.5435435435435436,
-0.5395395395395396,
-0.5355355355355356,
-0.5315315315315315,
-0.5275275275275275,
-0.5235235235235236,
-0.5195195195195195,
-0.5155155155155156,
-0.5115115115115115,
-0.5075075075075075,
-0.5035035035035036,
-0.49949949949949957,
-0.49549549549549554,
-0.4914914914914915,
-0.4874874874874875,
-0.4834834834834836,
-0.47947947947947944,
-0.47547547547547553,
-0.4714714714714715,
-0.4674674674674675,
-0.46346346346346345,
-0.45945945945945954,
-0.4554554554554555,
-0.4514514514514515,
-0.44744744744744747,
-0.44344344344344355,
-0.4394394394394394,
-0.4354354354354355,
-0.4314314314314315,
-0.42742742742742745,
-0.42342342342342343,
-0.4194194194194195,
-0.4154154154154154,
-0.41141141141141147,
-0.40740740740740744,
-0.4034034034034034,
-0.3993993993993994,
-0.3953953953953955,
-0.39139139139139145,
-0.3873873873873874,
-0.3833833833833834,
-0.3793793793793795,
-0.37537537537537535,
-0.37137137137137144,
-0.3673673673673674,
-0.3633633633633634,
-0.35935935935935936,
-0.35535535535535545,
-0.3513513513513514,
-0.3473473473473475,
-0.3433433433433434,
-0.33933933933933935,
-0.3353353353353353,
-0.3313313313313314,
-0.3273273273273274,
-0.3233233233233235,
-0.31931931931931934,
-0.3153153153153153,
-0.3113113113113113,
-0.3073073073073074,
-0.30330330330330335,
-0.29929929929929944,
-0.2952952952952953,
-0.2912912912912913,
-0.28728728728728736,
-0.28328328328328334,
-0.2792792792792793,
-0.2752752752752754,
-0.2712712712712714,
-0.26726726726726724,
-0.2632632632632633,
-0.2592592592592593,
-0.2552552552552553,
-0.25125125125125136,
-0.24724724724724734,
-0.2432432432432432,
-0.2392392392392393,
-0.23523523523523526,
-0.23123123123123124,
-0.22722722722722732,
-0.2232232232232233,
-0.21921921921921939,
-0.21521521521521525,
-0.21121121121121122,
-0.2072072072072072,
-0.2032032032032033,
-0.19919919919919926,
-0.19519519519519535,
-0.1911911911911912,
-0.1871871871871872,
-0.18318318318318327,
-0.17917917917917925,
-0.17517517517517522,
-0.1711711711711713,
-0.16716716716716729,
-0.16316316316316315,
-0.15915915915915924,
-0.1551551551551552,
-0.1511511511511512,
-0.14714714714714727,
-0.14314314314314325,
-0.1391391391391391,
-0.1351351351351352,
-0.13113113113113117,
-0.12712712712712715,
-0.12312312312312323,
-0.11911911911911921,
-0.11511511511511507,
-0.11111111111111116,
-0.10710710710710714,
-0.10310310310310311,
-0.0990990990990992,
-0.09509509509509517,
-0.09109109109109126,
-0.08708708708708712,
-0.0830830830830831,
-0.07907907907907918,
-0.07507507507507516,
-0.07107107107107113,
-0.06706706706706722,
-0.06306306306306309,
-0.05905905905905906,
-0.055055055055055147,
-0.05105105105105112,
-0.0470470470470471,
-0.04304304304304318,
-0.03903903903903905,
-0.03503503503503502,
-0.03103103103103111,
-0.027027027027027084,
-0.02302302302302306,
-0.019019019019019145,
-0.01501501501501512,
-0.011011011011010985,
-0.007007007007007071,
-0.0030030030030030463,
0.0010010010010008674,
0.005005005005005003,
0.009009009009008917,
0.013013013013013053,
0.017017017017016967,
0.02102102102102088,
0.025025025025025016,
0.02902902902902893,
0.033033033033032844,
0.03703703703703698,
0.041041041041041115,
0.04504504504504503,
0.04904904904904894,
0.05305305305305308,
0.05705705705705699,
0.061061061061060906,
0.06506506506506504,
0.06906906906906896,
0.07307307307307309,
0.077077077077077,
0.08108108108108092,
0.08508508508508505,
0.08908908908908897,
0.0930930930930931,
0.09709709709709702,
0.10110110110110093,
0.10510510510510507,
0.10910910910910898,
0.1131131131131129,
0.11711711711711703,
0.12112112112112117,
0.12512512512512508,
0.129129129129129,
0.13313313313313313,
0.13713713713713704,
0.14114114114114118,
0.1451451451451451,
0.149149149149149,
0.15315315315315314,
0.15715715715715706,
0.16116116116116097,
0.1651651651651651,
0.16916916916916924,
0.17317317317317316,
0.17717717717717707,
0.18118118118118098,
0.18518518518518512,
0.18918918918918903,
0.19319319319319317,
0.19719719719719708,
0.20120120120120122,
0.20520520520520513,
0.20920920920920905,
0.21321321321321318,
0.2172172172172171,
0.22122122122122123,
0.22522522522522515,
0.22922922922922906,
0.2332332332332332,
0.2372372372372371,
0.24124124124124102,
0.24524524524524516,
0.2492492492492493,
0.2532532532532532,
0.2572572572572571,
0.26126126126126104,
0.26526526526526517,
0.2692692692692693,
0.2732732732732732,
0.27727727727727713,
0.28128128128128127,
0.2852852852852852,
0.2892892892892891,
0.29329329329329323,
0.29729729729729715,
0.30130130130130106,
0.305305305305305,
0.30930930930930933,
0.31331331331331325,
0.3173173173173174,
0.3213213213213213,
0.3253253253253252,
0.32932932932932935,
0.33333333333333326,
0.3373373373373372,
0.3413413413413413,
0.3453453453453452,
0.34934934934934914,
0.35335335335335305,
0.3573573573573572,
0.3613613613613613,
0.36536536536536546,
0.36936936936936937,
0.3733733733733733,
0.3773773773773774,
0.38138138138138133,
0.38538538538538525,
0.38938938938938916,
0.3933933933933933,
0.3973973973973972,
0.4014014014014011,
0.40540540540540526,
0.4094094094094094,
0.41341341341341353,
0.41741741741741745,
0.42142142142142136,
0.4254254254254253,
0.4294294294294294,
0.4334334334334333,
0.43743743743743724,
0.4414414414414414,
0.4454454454454453,
0.4494494494494492,
0.45345345345345334,
0.45745745745745725,
0.4614614614614616,
0.4654654654654655,
0.46946946946946944,
0.47347347347347335,
0.4774774774774775,
0.4814814814814814,
0.4854854854854853,
0.48948948948948945,
0.49349349349349336,
0.4974974974974973,
0.5015015015015014,
0.5055055055055053,
0.5095095095095092,
0.5135135135135136,
0.5175175175175175,
0.5215215215215214,
0.5255255255255256,
0.5295295295295295,
0.5335335335335334,
0.5375375375375375,
0.5415415415415414,
0.5455455455455454,
0.5495495495495495,
0.5535535535535534,
0.5575575575575573,
0.5615615615615612,
0.5655655655655656,
0.5695695695695695,
0.5735735735735736,
0.5775775775775776,
0.5815815815815815,
0.5855855855855856,
0.5895895895895895,
0.5935935935935934,
0.5975975975975973,
0.6016016016016015,
0.6056056056056054,
0.6096096096096093,
0.6136136136136134,
0.6176176176176176,
0.6216216216216217,
0.6256256256256256,
0.6296296296296295,
0.6336336336336335,
0.6376376376376376,
0.6416416416416415,
0.6456456456456454,
0.6496496496496496,
0.6536536536536535,
0.6576576576576574,
0.6616616616616615,
0.6656656656656654,
0.6696696696696698,
0.6736736736736737,
0.6776776776776776,
0.6816816816816815,
0.6856856856856857,
0.6896896896896896,
0.6936936936936935,
0.6976976976976976,
0.7017017017017015,
0.7057057057057055,
0.7097097097097096,
0.7137137137137135,
0.7177177177177176,
0.7217217217217218,
0.7257257257257257,
0.7297297297297296,
0.7337337337337337,
0.7377377377377377,
0.7417417417417416,
0.7457457457457457,
0.7497497497497496,
0.7537537537537535,
0.7577577577577577,
0.7617617617617616,
0.7657657657657655,
0.7697697697697699,
0.7737737737737738,
0.7777777777777777,
0.7817817817817818,
0.7857857857857857,
0.7897897897897896,
0.7937937937937938,
0.7977977977977977,
0.8018018018018016,
0.8058058058058055,
0.8098098098098097,
0.8138138138138136,
0.8178178178178175,
0.8218218218218218,
0.8258258258258258,
0.8298298298298299,
0.8338338338338338,
0.8378378378378377,
0.8418418418418416,
0.8458458458458458,
0.8498498498498497,
0.8538538538538536,
0.8578578578578577,
0.8618618618618616,
0.8658658658658656,
0.8698698698698697,
0.8738738738738738,
0.8778778778778777,
0.8818818818818819,
0.8858858858858858,
0.8898898898898897,
0.8938938938938938,
0.8978978978978978,
0.9019019019019017,
0.9059059059059058,
0.9099099099099097,
0.9139139139139136,
0.9179179179179178,
0.9219219219219219,
0.9259259259259258,
0.92992992992993,
0.9339339339339339,
0.9379379379379378,
0.9419419419419419,
0.9459459459459458,
0.9499499499499497,
0.9539539539539539,
0.9579579579579578,
0.9619619619619617,
0.9659659659659656,
0.9699699699699698,
0.9739739739739739,
0.977977977977978,
0.9819819819819819,
0.9859859859859859,
0.98998998998999,
0.9939939939939939,
0.9979979979979978,
0.9979979979979982,
0.9939939939939941,
0.9899899899899902,
0.9859859859859862,
0.9819819819819823,
0.9779779779779783,
0.973973973973974,
0.96996996996997,
0.9659659659659661,
0.961961961961962,
0.957957957957958,
0.9539539539539541,
0.9499499499499501,
0.945945945945946,
0.9419419419419421,
0.9379379379379381,
0.9339339339339342,
0.9299299299299302,
0.9259259259259262,
0.9219219219219219,
0.917917917917918,
0.913913913913914,
0.9099099099099099,
0.905905905905906,
0.901901901901902,
0.8978978978978981,
0.8938938938938941,
0.88988988988989,
0.8858858858858861,
0.8818818818818821,
0.8778778778778782,
0.8738738738738742,
0.8698698698698699,
0.8658658658658659,
0.861861861861862,
0.857857857857858,
0.8538538538538539,
0.84984984984985,
0.845845845845846,
0.841841841841842,
0.837837837837838,
0.833833833833834,
0.8298298298298301,
0.8258258258258261,
0.8218218218218221,
0.8178178178178178,
0.8138138138138139,
0.8098098098098099,
0.8058058058058059,
0.8018018018018019,
0.7977977977977979,
0.793793793793794,
0.78978978978979,
0.785785785785786,
0.781781781781782,
0.777777777777778,
0.7737737737737741,
0.7697697697697697,
0.7657657657657658,
0.7617617617617618,
0.7577577577577579,
0.7537537537537539,
0.7497497497497498,
0.7457457457457459,
0.7417417417417419,
0.7377377377377379,
0.733733733733734,
0.7297297297297299,
0.725725725725726,
0.721721721721722,
0.7177177177177178,
0.7137137137137137,
0.7097097097097098,
0.7057057057057058,
0.7017017017017018,
0.6976976976976978,
0.6936936936936938,
0.6896896896896899,
0.6856856856856859,
0.6816816816816819,
0.677677677677678,
0.6736736736736739,
0.66966966966967,
0.6656656656656657,
0.6616616616616617,
0.6576576576576577,
0.6536536536536538,
0.6496496496496498,
0.6456456456456457,
0.6416416416416418,
0.6376376376376378,
0.6336336336336339,
0.6296296296296299,
0.6256256256256258,
0.6216216216216219,
0.6176176176176179,
0.6136136136136137,
0.6096096096096096,
0.6056056056056057,
0.6016016016016017,
0.5975975975975977,
0.5935935935935938,
0.5895895895895897,
0.5855855855855858,
0.5815815815815818,
0.5775775775775778,
0.5735735735735739,
0.5695695695695698,
0.5655655655655656,
0.5615615615615616,
0.5575575575575576,
0.5535535535535536,
0.5495495495495497,
0.5455455455455457,
0.5415415415415417,
0.5375375375375377,
0.5335335335335337,
0.5295295295295298,
0.5255255255255258,
0.5215215215215218,
0.5175175175175178,
0.5135135135135136,
0.5095095095095096,
0.5055055055055055,
0.5015015015015016,
0.4974974974974976,
0.49349349349349364,
0.48948948948948967,
0.48548548548548565,
0.4814814814814817,
0.4774774774774777,
0.47347347347347374,
0.46946946946946977,
0.46546546546546574,
0.4614614614614615,
0.45745745745745753,
0.45345345345345356,
0.4494494494494498,
0.44544544544544556,
0.4414414414414419,
0.4374374374374376,
0.4334334334334333,
0.42942942942942963,
0.4254254254254254,
0.4214214214214217,
0.41741741741741745,
0.4134134134134137,
0.40940940940940945,
0.40540540540540576,
0.4014014014014015,
0.39739739739739777,
0.3933933933933935,
0.38938938938938983,
0.3853853853853856,
0.3813813813813813,
0.3773773773773776,
0.37337337337337334,
0.36936936936936965,
0.3653653653653654,
0.36136136136136165,
0.3573573573573574,
0.3533533533533537,
0.34934934934934947,
0.3453453453453457,
0.3413413413413415,
0.3373373373373378,
0.33333333333333354,
0.32932932932932923,
0.32532532532532554,
0.3213213213213213,
0.3173173173173176,
0.31331331331331336,
0.3093093093093096,
0.30530530530530536,
0.30130130130130167,
0.2972972972972974,
0.2932932932932937,
0.28928928928928943,
0.28528528528528574,
0.2812812812812815,
0.2772772772772772,
0.2732732732732735,
0.26926926926926925,
0.26526526526526556,
0.2612612612612613,
0.25725725725725757,
0.2532532532532533,
0.24924924924924963,
0.24524524524524535,
0.24124124124124166,
0.23723723723723739,
0.2332332332332337,
0.22922922922922942,
0.22522522522522517,
0.22122122122122148,
0.2172172172172172,
0.21321321321321351,
0.20920920920920924,
0.20520520520520555,
0.20120120120120127,
0.19719719719719758,
0.1931931931931933,
0.18918918918918962,
0.18518518518518534,
0.1811811811811811,
0.1771771771771774,
0.17317317317317313,
0.16916916916916944,
0.16516516516516516,
0.16116116116116147,
0.1571571571571572,
0.1531531531531535,
0.14914914914914923,
0.14514514514514554,
0.14114114114114126,
0.13713713713713757,
0.1331331331331333,
0.12912912912912905,
0.12512512512512536,
0.12112112112112108,
0.11711711711711738,
0.11311311311311312,
0.10910910910910943,
0.10510510510510515,
0.10110110110110146,
0.09709709709709718,
0.09309309309309349,
0.08908908908908923,
0.08508508508508553,
0.08108108108108127,
0.077077077077077,
0.0730730730730733,
0.06906906906906904,
0.06506506506506533,
0.06106106106106107,
0.057057057057057374,
0.05305305305305311,
0.049049049049049415,
0.04504504504504515,
0.04104104104104145,
0.03703703703703718,
0.03303303303303348,
0.02902902902902922,
0.025025025025024957,
0.02102102102102126,
0.017017017017016994,
0.013013013013013294,
0.00900900900900903,
0.00500500500500533,
0.001001001001001066,
-0.003003003003002633,
-0.007007007007006897,
-0.011011011011010596,
-0.01501501501501486,
-0.01901901901901856,
-0.023023023023022823,
-0.027027027027027088,
-0.031031031031030786,
-0.03503503503503505,
-0.03903903903903875,
-0.04304304304304302,
-0.047047047047046715,
-0.051051051051050976,
-0.055055055055054675,
-0.05905905905905894,
-0.06306306306306264,
-0.0670670670670669,
-0.07107107107107061,
-0.07507507507507487,
-0.07907907907907913,
-0.08308308308308283,
-0.0870870870870871,
-0.0910910910910908,
-0.09509509509509506,
-0.09909909909909875,
-0.10310310310310303,
-0.10710710710710672,
-0.11111111111111098,
-0.11511511511511469,
-0.11911911911911895,
-0.12312312312312265,
-0.1271271271271269,
-0.13113113113113117,
-0.13513513513513487,
-0.13913913913913914,
-0.14314314314314283,
-0.1471471471471471,
-0.1511511511511508,
-0.15515515515515507,
-0.15915915915915876,
-0.16316316316316304,
-0.16716716716716673,
-0.171171171171171,
-0.1751751751751747,
-0.17917917917917894,
-0.18318318318318322,
-0.1871871871871869,
-0.19119119119119118,
-0.19519519519519488,
-0.19919919919919915,
-0.20320320320320284,
-0.20720720720720712,
-0.2112112112112108,
-0.21521521521521508,
-0.21921921921921877,
-0.22322322322322305,
-0.22722722722722674,
-0.231231231231231,
-0.23523523523523526,
-0.23923923923923895,
-0.24324324324324323,
-0.24724724724724692,
-0.2512512512512512,
-0.2552552552552549,
-0.25925925925925913,
-0.2632632632632629,
-0.26726726726726713,
-0.2712712712712708,
-0.27527527527527507,
-0.27927927927927876,
-0.28328328328328306,
-0.2872872872872873,
-0.291291291291291,
-0.29529529529529525,
-0.299299299299299,
-0.30330330330330324,
-0.30730730730730693,
-0.3113113113113112,
-0.31531531531531487,
-0.3193193193193192,
-0.32332332332332286,
-0.3273273273273271,
-0.3313313313313308,
-0.3353353353353351,
-0.33933933933933935,
-0.34334334334334304,
-0.3473473473473473,
-0.35135135135135104,
-0.3553553553553553,
-0.359359359359359,
-0.3633633633633632,
-0.3673673673673669,
-0.3713713713713712,
-0.3753753753753749,
-0.37937937937937916,
-0.38338338338338346,
-0.38738738738738715,
-0.3913913913913914,
-0.3953953953953951,
-0.39939939939939934,
-0.4034034034034031,
-0.40740740740740733,
-0.411411411411411,
-0.41541541541541527,
-0.41941941941941896,
-0.42342342342342326,
-0.42742742742742695,
-0.4314314314314312,
-0.4354354354354355,
-0.4394394394394392,
-0.44344344344344344,
-0.44744744744744713,
-0.4514514514514514,
-0.4554554554554551,
-0.4594594594594594,
-0.46346346346346307,
-0.4674674674674673,
-0.471471471471471,
-0.4754754754754753,
-0.479479479479479,
-0.48348348348348325,
-0.48748748748748755,
-0.49149149149149124,
-0.4954954954954955,
-0.4994994994994992,
-0.5035035035035035,
-0.5075075075075072,
-0.5115115115115114,
-0.5155155155155151,
-0.5195195195195194,
-0.523523523523523,
-0.5275275275275273,
-0.531531531531531,
-0.5355355355355353,
-0.5395395395395396,
-0.5435435435435433,
-0.5475475475475475,
-0.5515515515515512,
-0.5555555555555555,
-0.5595595595595592,
-0.5635635635635634,
-0.5675675675675671,
-0.5715715715715715,
-0.5755755755755751,
-0.5795795795795794,
-0.5835835835835831,
-0.5875875875875873,
-0.5915915915915916,
-0.5955955955955953,
-0.5995995995995995,
-0.6036036036036033,
-0.6076076076076076,
-0.6116116116116113,
-0.6156156156156155,
-0.6196196196196192,
-0.6236236236236234,
-0.6276276276276271,
-0.6316316316316314,
-0.6356356356356351,
-0.6396396396396394,
-0.6436436436436437,
-0.6476476476476474,
-0.6516516516516516,
-0.6556556556556553,
-0.6596596596596596,
-0.6636636636636633,
-0.6676676676676675,
-0.6716716716716712,
-0.6756756756756755,
-0.6796796796796792,
-0.6836836836836835,
-0.6876876876876872,
-0.6916916916916914,
-0.6956956956956957,
-0.6996996996996994,
-0.7037037037037036,
-0.7077077077077074,
-0.7117117117117117,
-0.7157157157157154,
-0.7197197197197196,
-0.7237237237237233,
-0.7277277277277275,
-0.7317317317317312,
-0.7357357357357355,
-0.7397397397397392,
-0.7437437437437435,
-0.7477477477477478,
-0.7517517517517515,
-0.7557557557557557,
-0.7597597597597594,
-0.7637637637637636,
-0.7677677677677673,
-0.7717717717717716,
-0.7757757757757753,
-0.7797797797797796,
-0.7837837837837833,
-0.7877877877877876,
-0.7917917917917913,
-0.7957957957957955,
-0.7997997997997998,
-0.8038038038038035,
-0.8078078078078077,
-0.8118118118118115,
-0.8158158158158157,
-0.8198198198198194,
-0.8238238238238237,
-0.8278278278278274,
-0.8318318318318316,
-0.8358358358358353,
-0.8398398398398396,
-0.8438438438438439,
-0.8478478478478476,
-0.8518518518518519,
-0.8558558558558556,
-0.8598598598598598,
-0.8638638638638635,
-0.8678678678678677,
-0.8718718718718714,
-0.8758758758758757,
-0.8798798798798794,
-0.8838838838838837,
-0.8878878878878874,
-0.8918918918918917,
-0.8958958958958959,
-0.8998998998998996,
-0.9039039039039038,
-0.9079079079079075,
-0.9119119119119118,
-0.9159159159159156,
-0.9199199199199198,
-0.9239239239239235,
-0.9279279279279278,
-0.9319319319319315,
-0.9359359359359357,
-0.9399399399399394,
-0.9439439439439437,
-0.947947947947948,
-0.9519519519519517,
-0.955955955955956,
-0.9599599599599596,
-0.9639639639639639,
-0.9679679679679676,
-0.9719719719719718,
-0.9759759759759755,
-0.9799799799799798,
-0.9839839839839835,
-0.9879879879879878,
-0.9919919919919915,
-0.9959959959959958,
-1.0,
};

int16_t triangle_int[1000]=
{
-16384,
-16318,
-16253,
-16187,
-16122,
-16056,
-15990,
-15925,
-15859,
-15794,
-15728,
-15662,
-15597,
-15531,
-15466,
-15400,
-15334,
-15269,
-15203,
-15138,
-15072,
-15006,
-14941,
-14875,
-14810,
-14744,
-14678,
-14613,
-14547,
-14482,
-14416,
-14350,
-14285,
-14219,
-14154,
-14088,
-14022,
-13957,
-13891,
-13826,
-13760,
-13694,
-13629,
-13563,
-13498,
-13432,
-13366,
-13301,
-13235,
-13170,
-13104,
-13038,
-12973,
-12907,
-12842,
-12776,
-12710,
-12645,
-12579,
-12514,
-12448,
-12382,
-12317,
-12251,
-12185,
-12120,
-12054,
-11989,
-11923,
-11857,
-11792,
-11726,
-11661,
-11595,
-11529,
-11464,
-11398,
-11333,
-11267,
-11201,
-11136,
-11070,
-11005,
-10939,
-10873,
-10808,
-10742,
-10677,
-10611,
-10545,
-10480,
-10414,
-10349,
-10283,
-10217,
-10152,
-10086,
-10021,
-9955,
-9889,
-9824,
-9758,
-9693,
-9627,
-9561,
-9496,
-9430,
-9365,
-9299,
-9233,
-9168,
-9102,
-9037,
-8971,
-8905,
-8840,
-8774,
-8709,
-8643,
-8577,
-8512,
-8446,
-8381,
-8315,
-8249,
-8184,
-8118,
-8053,
-7987,
-7921,
-7856,
-7790,
-7725,
-7659,
-7593,
-7528,
-7462,
-7397,
-7331,
-7265,
-7200,
-7134,
-7069,
-7003,
-6937,
-6872,
-6806,
-6741,
-6675,
-6609,
-6544,
-6478,
-6413,
-6347,
-6281,
-6216,
-6150,
-6085,
-6019,
-5953,
-5888,
-5822,
-5757,
-5691,
-5625,
-5560,
-5494,
-5429,
-5363,
-5297,
-5232,
-5166,
-5101,
-5035,
-4969,
-4904,
-4838,
-4773,
-4707,
-4641,
-4576,
-4510,
-4445,
-4379,
-4313,
-4248,
-4182,
-4117,
-4051,
-3985,
-3920,
-3854,
-3788,
-3723,
-3657,
-3592,
-3526,
-3460,
-3395,
-3329,
-3264,
-3198,
-3132,
-3067,
-3001,
-2936,
-2870,
-2804,
-2739,
-2673,
-2608,
-2542,
-2476,
-2411,
-2345,
-2280,
-2214,
-2148,
-2083,
-2017,
-1952,
-1886,
-1820,
-1755,
-1689,
-1624,
-1558,
-1492,
-1427,
-1361,
-1296,
-1230,
-1164,
-1099,
-1033,
-968,
-902,
-836,
-771,
-705,
-640,
-574,
-508,
-443,
-377,
-312,
-246,
-180,
-115,
-49,
16,
82,
148,
213,
279,
344,
410,
476,
541,
607,
672,
738,
804,
869,
935,
1000,
1066,
1132,
1197,
1263,
1328,
1394,
1460,
1525,
1591,
1656,
1722,
1788,
1853,
1919,
1984,
2050,
2116,
2181,
2247,
2312,
2378,
2444,
2509,
2575,
2640,
2706,
2772,
2837,
2903,
2968,
3034,
3100,
3165,
3231,
3296,
3362,
3428,
3493,
3559,
3624,
3690,
3756,
3821,
3887,
3952,
4018,
4084,
4149,
4215,
4281,
4346,
4412,
4477,
4543,
4609,
4674,
4740,
4805,
4871,
4937,
5002,
5068,
5133,
5199,
5265,
5330,
5396,
5461,
5527,
5593,
5658,
5724,
5789,
5855,
5921,
5986,
6052,
6117,
6183,
6249,
6314,
6380,
6445,
6511,
6577,
6642,
6708,
6773,
6839,
6905,
6970,
7036,
7101,
7167,
7233,
7298,
7364,
7429,
7495,
7561,
7626,
7692,
7757,
7823,
7889,
7954,
8020,
8085,
8151,
8217,
8282,
8348,
8413,
8479,
8545,
8610,
8676,
8741,
8807,
8873,
8938,
9004,
9069,
9135,
9201,
9266,
9332,
9397,
9463,
9529,
9594,
9660,
9725,
9791,
9857,
9922,
9988,
10053,
10119,
10185,
10250,
10316,
10381,
10447,
10513,
10578,
10644,
10709,
10775,
10841,
10906,
10972,
11037,
11103,
11169,
11234,
11300,
11365,
11431,
11497,
11562,
11628,
11693,
11759,
11825,
11890,
11956,
12021,
12087,
12153,
12218,
12284,
12350,
12415,
12481,
12546,
12612,
12678,
12743,
12809,
12874,
12940,
13006,
13071,
13137,
13202,
13268,
13334,
13399,
13465,
13530,
13596,
13662,
13727,
13793,
13858,
13924,
13990,
14055,
14121,
14186,
14252,
14318,
14383,
14449,
14514,
14580,
14646,
14711,
14777,
14842,
14908,
14974,
15039,
15105,
15170,
15236,
15302,
15367,
15433,
15498,
15564,
15630,
15695,
15761,
15826,
15892,
15958,
16023,
16089,
16154,
16220,
16286,
16351,
16351,
16286,
16220,
16154,
16089,
16023,
15958,
15892,
15826,
15761,
15695,
15630,
15564,
15498,
15433,
15367,
15302,
15236,
15170,
15105,
15039,
14974,
14908,
14842,
14777,
14711,
14646,
14580,
14514,
14449,
14383,
14318,
14252,
14186,
14121,
14055,
13990,
13924,
13858,
13793,
13727,
13662,
13596,
13530,
13465,
13399,
13334,
13268,
13202,
13137,
13071,
13006,
12940,
12874,
12809,
12743,
12678,
12612,
12546,
12481,
12415,
12350,
12284,
12218,
12153,
12087,
12021,
11956,
11890,
11825,
11759,
11693,
11628,
11562,
11497,
11431,
11365,
11300,
11234,
11169,
11103,
11037,
10972,
10906,
10841,
10775,
10709,
10644,
10578,
10513,
10447,
10381,
10316,
10250,
10185,
10119,
10053,
9988,
9922,
9857,
9791,
9725,
9660,
9594,
9529,
9463,
9397,
9332,
9266,
9201,
9135,
9069,
9004,
8938,
8873,
8807,
8741,
8676,
8610,
8545,
8479,
8413,
8348,
8282,
8217,
8151,
8085,
8020,
7954,
7889,
7823,
7757,
7692,
7626,
7561,
7495,
7429,
7364,
7298,
7233,
7167,
7101,
7036,
6970,
6905,
6839,
6773,
6708,
6642,
6577,
6511,
6445,
6380,
6314,
6249,
6183,
6117,
6052,
5986,
5921,
5855,
5789,
5724,
5658,
5593,
5527,
5461,
5396,
5330,
5265,
5199,
5133,
5068,
5002,
4937,
4871,
4805,
4740,
4674,
4609,
4543,
4477,
4412,
4346,
4281,
4215,
4149,
4084,
4018,
3952,
3887,
3821,
3756,
3690,
3624,
3559,
3493,
3428,
3362,
3296,
3231,
3165,
3100,
3034,
2968,
2903,
2837,
2772,
2706,
2640,
2575,
2509,
2444,
2378,
2312,
2247,
2181,
2116,
2050,
1984,
1919,
1853,
1788,
1722,
1656,
1591,
1525,
1460,
1394,
1328,
1263,
1197,
1132,
1066,
1000,
935,
869,
804,
738,
672,
607,
541,
476,
410,
344,
279,
213,
148,
82,
16,
-49,
-115,
-180,
-246,
-312,
-377,
-443,
-508,
-574,
-640,
-705,
-771,
-836,
-902,
-968,
-1033,
-1099,
-1164,
-1230,
-1296,
-1361,
-1427,
-1492,
-1558,
-1624,
-1689,
-1755,
-1820,
-1886,
-1952,
-2017,
-2083,
-2148,
-2214,
-2280,
-2345,
-2411,
-2476,
-2542,
-2608,
-2673,
-2739,
-2804,
-2870,
-2936,
-3001,
-3067,
-3132,
-3198,
-3264,
-3329,
-3395,
-3460,
-3526,
-3592,
-3657,
-3723,
-3788,
-3854,
-3920,
-3985,
-4051,
-4117,
-4182,
-4248,
-4313,
-4379,
-4445,
-4510,
-4576,
-4641,
-4707,
-4773,
-4838,
-4904,
-4969,
-5035,
-5101,
-5166,
-5232,
-5297,
-5363,
-5429,
-5494,
-5560,
-5625,
-5691,
-5757,
-5822,
-5888,
-5953,
-6019,
-6085,
-6150,
-6216,
-6281,
-6347,
-6413,
-6478,
-6544,
-6609,
-6675,
-6741,
-6806,
-6872,
-6937,
-7003,
-7069,
-7134,
-7200,
-7265,
-7331,
-7397,
-7462,
-7528,
-7593,
-7659,
-7725,
-7790,
-7856,
-7921,
-7987,
-8053,
-8118,
-8184,
-8249,
-8315,
-8381,
-8446,
-8512,
-8577,
-8643,
-8709,
-8774,
-8840,
-8905,
-8971,
-9037,
-9102,
-9168,
-9233,
-9299,
-9365,
-9430,
-9496,
-9561,
-9627,
-9693,
-9758,
-9824,
-9889,
-9955,
-10021,
-10086,
-10152,
-10217,
-10283,
-10349,
-10414,
-10480,
-10545,
-10611,
-10677,
-10742,
-10808,
-10873,
-10939,
-11005,
-11070,
-11136,
-11201,
-11267,
-11333,
-11398,
-11464,
-11529,
-11595,
-11661,
-11726,
-11792,
-11857,
-11923,
-11989,
-12054,
-12120,
-12185,
-12251,
-12317,
-12382,
-12448,
-12514,
-12579,
-12645,
-12710,
-12776,
-12842,
-12907,
-12973,
-13038,
-13104,
-13170,
-13235,
-13301,
-13366,
-13432,
-13498,
-13563,
-13629,
-13694,
-13760,
-13826,
-13891,
-13957,
-14022,
-14088,
-14154,
-14219,
-14285,
-14350,
-14416,
-14482,
-14547,
-14613,
-14678,
-14744,
-14810,
-14875,
-14941,
-15006,
-15072,
-15138,
-15203,
-15269,
-15334,
-15400,
-15466,
-15531,
-15597,
-15662,
-15728,
-15794,
-15859,
-15925,
-15990,
-16056,
-16122,
-16187,
-16253,
-16318,
-16384,
};

float32_t sawtooth_f32[1000]=
{
-1.0,
-0.997997997997998,
-0.995995995995996,
-0.993993993993994,
-0.991991991991992,
-0.98998998998999,
-0.987987987987988,
-0.985985985985986,
-0.983983983983984,
-0.9819819819819819,
-0.97997997997998,
-0.977977977977978,
-0.975975975975976,
-0.973973973973974,
-0.9719719719719719,
-0.96996996996997,
-0.967967967967968,
-0.965965965965966,
-0.963963963963964,
-0.9619619619619619,
-0.95995995995996,
-0.957957957957958,
-0.955955955955956,
-0.953953953953954,
-0.9519519519519519,
-0.94994994994995,
-0.947947947947948,
-0.9459459459459459,
-0.943943943943944,
-0.9419419419419419,
-0.93993993993994,
-0.9379379379379379,
-0.9359359359359359,
-0.933933933933934,
-0.9319319319319319,
-0.92992992992993,
-0.9279279279279279,
-0.9259259259259259,
-0.923923923923924,
-0.9219219219219219,
-0.91991991991992,
-0.9179179179179179,
-0.9159159159159159,
-0.9139139139139139,
-0.9119119119119119,
-0.9099099099099099,
-0.9079079079079079,
-0.9059059059059059,
-0.9039039039039038,
-0.9019019019019019,
-0.8998998998998999,
-0.8978978978978979,
-0.8958958958958959,
-0.8938938938938938,
-0.8918918918918919,
-0.8898898898898899,
-0.8878878878878879,
-0.8858858858858859,
-0.8838838838838838,
-0.8818818818818819,
-0.8798798798798799,
-0.8778778778778779,
-0.8758758758758759,
-0.8738738738738738,
-0.8718718718718719,
-0.8698698698698699,
-0.8678678678678678,
-0.8658658658658659,
-0.8638638638638638,
-0.8618618618618619,
-0.8598598598598599,
-0.8578578578578578,
-0.8558558558558559,
-0.8538538538538538,
-0.8518518518518519,
-0.8498498498498499,
-0.8478478478478478,
-0.8458458458458459,
-0.8438438438438438,
-0.8418418418418419,
-0.8398398398398399,
-0.8378378378378378,
-0.8358358358358359,
-0.8338338338338338,
-0.8318318318318318,
-0.8298298298298299,
-0.8278278278278278,
-0.8258258258258259,
-0.8238238238238238,
-0.8218218218218218,
-0.8198198198198199,
-0.8178178178178178,
-0.8158158158158159,
-0.8138138138138138,
-0.8118118118118118,
-0.8098098098098099,
-0.8078078078078078,
-0.8058058058058059,
-0.8038038038038038,
-0.8018018018018018,
-0.7997997997997999,
-0.7977977977977978,
-0.7957957957957958,
-0.7937937937937938,
-0.7917917917917918,
-0.7897897897897899,
-0.7877877877877878,
-0.7857857857857858,
-0.7837837837837838,
-0.7817817817817818,
-0.7797797797797799,
-0.7777777777777778,
-0.7757757757757757,
-0.7737737737737738,
-0.7717717717717718,
-0.7697697697697699,
-0.7677677677677678,
-0.7657657657657657,
-0.7637637637637638,
-0.7617617617617618,
-0.7597597597597597,
-0.7577577577577578,
-0.7557557557557557,
-0.7537537537537538,
-0.7517517517517518,
-0.7497497497497498,
-0.7477477477477478,
-0.7457457457457457,
-0.7437437437437437,
-0.7417417417417418,
-0.7397397397397397,
-0.7377377377377378,
-0.7357357357357357,
-0.7337337337337337,
-0.7317317317317318,
-0.7297297297297298,
-0.7277277277277278,
-0.7257257257257257,
-0.7237237237237237,
-0.7217217217217218,
-0.7197197197197197,
-0.7177177177177178,
-0.7157157157157157,
-0.7137137137137137,
-0.7117117117117118,
-0.7097097097097098,
-0.7077077077077076,
-0.7057057057057057,
-0.7037037037037037,
-0.7017017017017018,
-0.6996996996996997,
-0.6976976976976977,
-0.6956956956956957,
-0.6936936936936937,
-0.6916916916916918,
-0.6896896896896898,
-0.6876876876876876,
-0.6856856856856857,
-0.6836836836836837,
-0.6816816816816818,
-0.6796796796796797,
-0.6776776776776777,
-0.6756756756756757,
-0.6736736736736737,
-0.6716716716716717,
-0.6696696696696697,
-0.6676676676676676,
-0.6656656656656657,
-0.6636636636636637,
-0.6616616616616617,
-0.6596596596596597,
-0.6576576576576576,
-0.6556556556556556,
-0.6536536536536537,
-0.6516516516516517,
-0.6496496496496498,
-0.6476476476476476,
-0.6456456456456456,
-0.6436436436436437,
-0.6416416416416417,
-0.6396396396396397,
-0.6376376376376377,
-0.6356356356356356,
-0.6336336336336337,
-0.6316316316316317,
-0.6296296296296297,
-0.6276276276276276,
-0.6256256256256256,
-0.6236236236236237,
-0.6216216216216216,
-0.6196196196196196,
-0.6176176176176176,
-0.6156156156156156,
-0.6136136136136137,
-0.6116116116116117,
-0.6096096096096097,
-0.6076076076076076,
-0.6056056056056056,
-0.6036036036036037,
-0.6016016016016017,
-0.5995995995995996,
-0.5975975975975977,
-0.5955955955955956,
-0.5935935935935936,
-0.5915915915915917,
-0.5895895895895896,
-0.5875875875875876,
-0.5855855855855856,
-0.5835835835835836,
-0.5815815815815816,
-0.5795795795795796,
-0.5775775775775776,
-0.5755755755755756,
-0.5735735735735736,
-0.5715715715715717,
-0.5695695695695695,
-0.5675675675675675,
-0.5655655655655656,
-0.5635635635635636,
-0.5615615615615617,
-0.5595595595595596,
-0.5575575575575575,
-0.5555555555555556,
-0.5535535535535536,
-0.5515515515515516,
-0.5495495495495496,
-0.5475475475475475,
-0.5455455455455456,
-0.5435435435435436,
-0.5415415415415415,
-0.5395395395395396,
-0.5375375375375375,
-0.5355355355355356,
-0.5335335335335336,
-0.5315315315315315,
-0.5295295295295295,
-0.5275275275275275,
-0.5255255255255256,
-0.5235235235235236,
-0.5215215215215216,
-0.5195195195195195,
-0.5175175175175175,
-0.5155155155155156,
-0.5135135135135136,
-0.5115115115115115,
-0.5095095095095096,
-0.5075075075075075,
-0.5055055055055055,
-0.5035035035035036,
-0.5015015015015015,
-0.49949949949949957,
-0.4974974974974975,
-0.49549549549549554,
-0.4934934934934935,
-0.4914914914914915,
-0.48948948948948956,
-0.4874874874874875,
-0.48548548548548554,
-0.4834834834834836,
-0.4814814814814815,
-0.47947947947947944,
-0.4774774774774775,
-0.47547547547547553,
-0.47347347347347346,
-0.4714714714714715,
-0.46946946946946955,
-0.4674674674674675,
-0.4654654654654655,
-0.46346346346346345,
-0.4614614614614615,
-0.45945945945945954,
-0.4574574574574575,
-0.4554554554554555,
-0.45345345345345345,
-0.4514514514514515,
-0.44944944944944953,
-0.44744744744744747,
-0.4454454454454455,
-0.44344344344344355,
-0.4414414414414415,
-0.4394394394394394,
-0.43743743743743746,
-0.4354354354354355,
-0.43343343343343343,
-0.4314314314314315,
-0.4294294294294294,
-0.42742742742742745,
-0.4254254254254255,
-0.42342342342342343,
-0.42142142142142147,
-0.4194194194194195,
-0.41741741741741745,
-0.4154154154154154,
-0.4134134134134134,
-0.41141141141141147,
-0.4094094094094095,
-0.40740740740740744,
-0.4054054054054055,
-0.4034034034034034,
-0.40140140140140146,
-0.3993993993993994,
-0.39739739739739743,
-0.3953953953953955,
-0.3933933933933934,
-0.39139139139139145,
-0.3893893893893894,
-0.3873873873873874,
-0.38538538538538547,
-0.3833833833833834,
-0.38138138138138145,
-0.3793793793793795,
-0.3773773773773774,
-0.37537537537537535,
-0.3733733733733734,
-0.37137137137137144,
-0.3693693693693695,
-0.3673673673673674,
-0.36536536536536535,
-0.3633633633633634,
-0.36136136136136143,
-0.35935935935935936,
-0.3573573573573574,
-0.35535535535535545,
-0.3533533533533534,
-0.3513513513513514,
-0.34934934934934947,
-0.3473473473473475,
-0.34534534534534533,
-0.3433433433433434,
-0.3413413413413413,
-0.33933933933933935,
-0.3373373373373374,
-0.3353353353353353,
-0.33333333333333337,
-0.3313313313313314,
-0.32932932932932935,
-0.3273273273273274,
-0.32532532532532543,
-0.3233233233233235,
-0.3213213213213214,
-0.31931931931931934,
-0.31731731731731727,
-0.3153153153153153,
-0.31331331331331336,
-0.3113113113113113,
-0.30930930930930933,
-0.3073073073073074,
-0.3053053053053054,
-0.30330330330330335,
-0.3013013013013014,
-0.29929929929929944,
-0.29729729729729737,
-0.2952952952952953,
-0.29329329329329323,
-0.2912912912912913,
-0.2892892892892893,
-0.28728728728728736,
-0.2852852852852853,
-0.28328328328328334,
-0.2812812812812814,
-0.2792792792792793,
-0.27727727727727736,
-0.2752752752752754,
-0.27327327327327333,
-0.2712712712712714,
-0.2692692692692692,
-0.26726726726726724,
-0.2652652652652653,
-0.2632632632632633,
-0.26126126126126126,
-0.2592592592592593,
-0.25725725725725734,
-0.2552552552552553,
-0.2532532532532533,
-0.25125125125125136,
-0.2492492492492493,
-0.24724724724724734,
-0.24524524524524538,
-0.2432432432432432,
-0.24124124124124124,
-0.2392392392392393,
-0.23723723723723722,
-0.23523523523523526,
-0.2332332332332333,
-0.23123123123123124,
-0.22922922922922928,
-0.22722722722722732,
-0.22522522522522526,
-0.2232232232232233,
-0.22122122122122134,
-0.21921921921921939,
-0.2172172172172172,
-0.21521521521521525,
-0.21321321321321318,
-0.21121121121121122,
-0.20920920920920927,
-0.2072072072072072,
-0.20520520520520524,
-0.2032032032032033,
-0.20120120120120133,
-0.19919919919919926,
-0.1971971971971973,
-0.19519519519519535,
-0.19319319319319328,
-0.1911911911911912,
-0.18918918918918914,
-0.1871871871871872,
-0.18518518518518523,
-0.18318318318318327,
-0.1811811811811812,
-0.17917917917917925,
-0.1771771771771773,
-0.17517517517517522,
-0.17317317317317327,
-0.1711711711711713,
-0.16916916916916924,
-0.16716716716716729,
-0.1651651651651651,
-0.16316316316316315,
-0.1611611611611612,
-0.15915915915915924,
-0.15715715715715717,
-0.1551551551551552,
-0.15315315315315325,
-0.1511511511511512,
-0.14914914914914923,
-0.14714714714714727,
-0.1451451451451452,
-0.14314314314314325,
-0.14114114114114118,
-0.1391391391391391,
-0.13713713713713716,
-0.1351351351351352,
-0.13313313313313313,
-0.13113113113113117,
-0.12912912912912922,
-0.12712712712712715,
-0.1251251251251252,
-0.12312312312312323,
-0.12112112112112117,
-0.11911911911911921,
-0.11711711711711725,
-0.11511511511511507,
-0.11311311311311312,
-0.11111111111111116,
-0.10910910910910909,
-0.10710710710710714,
-0.10510510510510518,
-0.10310310310310311,
-0.10110110110110115,
-0.0990990990990992,
-0.09709709709709724,
-0.09509509509509517,
-0.09309309309309322,
-0.09109109109109126,
-0.08908908908908908,
-0.08708708708708712,
-0.08508508508508505,
-0.0830830830830831,
-0.08108108108108114,
-0.07907907907907918,
-0.07707707707707712,
-0.07507507507507516,
-0.0730730730730732,
-0.07107107107107113,
-0.06906906906906918,
-0.06706706706706722,
-0.06506506506506515,
-0.06306306306306309,
-0.06106106106106113,
-0.05905905905905906,
-0.0570570570570571,
-0.055055055055055147,
-0.05305305305305308,
-0.05105105105105112,
-0.049049049049049165,
-0.0470470470470471,
-0.04504504504504514,
-0.04304304304304318,
-0.041041041041041115,
-0.03903903903903905,
-0.03703703703703709,
-0.03503503503503502,
-0.033033033033033066,
-0.03103103103103111,
-0.02902902902902904,
-0.027027027027027084,
-0.025025025025025127,
-0.02302302302302306,
-0.021021021021021102,
-0.019019019019019145,
-0.01701701701701719,
-0.01501501501501512,
-0.013013013013013053,
-0.011011011011010985,
-0.009009009009009028,
-0.007007007007007071,
-0.005005005005005003,
-0.0030030030030030463,
-0.0010010010010010895,
0.0010010010010008674,
0.0030030030030028243,
0.005005005005005003,
0.00700700700700696,
0.009009009009008917,
0.011011011011010874,
0.013013013013013053,
0.01501501501501501,
0.017017017017016967,
0.019019019019018923,
0.02102102102102088,
0.02302302302302306,
0.025025025025025016,
0.027027027027026973,
0.02902902902902893,
0.031031031031030887,
0.033033033033032844,
0.0350350350350348,
0.03703703703703698,
0.039039039039038936,
0.041041041041041115,
0.04304304304304307,
0.04504504504504503,
0.047047047047046986,
0.04904904904904894,
0.0510510510510509,
0.05305305305305308,
0.055055055055055035,
0.05705705705705699,
0.05905905905905895,
0.061061061061060906,
0.06306306306306286,
0.06506506506506504,
0.067067067067067,
0.06906906906906896,
0.07107107107107113,
0.07307307307307309,
0.07507507507507505,
0.077077077077077,
0.07907907907907896,
0.08108108108108092,
0.08308308308308288,
0.08508508508508505,
0.08708708708708701,
0.08908908908908897,
0.09109109109109115,
0.0930930930930931,
0.09509509509509506,
0.09709709709709702,
0.09909909909909898,
0.10110110110110093,
0.10310310310310311,
0.10510510510510507,
0.10710710710710702,
0.10910910910910898,
0.11111111111111094,
0.1131131131131129,
0.11511511511511507,
0.11711711711711703,
0.11911911911911899,
0.12112112112112117,
0.12312312312312312,
0.12512512512512508,
0.12712712712712704,
0.129129129129129,
0.13113113113113095,
0.13313313313313313,
0.1351351351351351,
0.13713713713713704,
0.139139139139139,
0.14114114114114118,
0.14314314314314314,
0.1451451451451451,
0.14714714714714705,
0.149149149149149,
0.1511511511511512,
0.15315315315315314,
0.1551551551551551,
0.15715715715715706,
0.159159159159159,
0.16116116116116097,
0.16316316316316293,
0.1651651651651651,
0.16716716716716706,
0.16916916916916924,
0.1711711711711712,
0.17317317317317316,
0.1751751751751751,
0.17717717717717707,
0.17917917917917903,
0.18118118118118098,
0.18318318318318316,
0.18518518518518512,
0.18718718718718708,
0.18918918918918903,
0.191191191191191,
0.19319319319319317,
0.19519519519519513,
0.19719719719719708,
0.19919919919919904,
0.20120120120120122,
0.20320320320320318,
0.20520520520520513,
0.2072072072072071,
0.20920920920920905,
0.211211211211211,
0.21321321321321318,
0.21521521521521514,
0.2172172172172171,
0.21921921921921927,
0.22122122122122123,
0.2232232232232232,
0.22522522522522515,
0.2272272272272271,
0.22922922922922906,
0.23123123123123124,
0.2332332332332332,
0.23523523523523515,
0.2372372372372371,
0.23923923923923907,
0.24124124124124102,
0.2432432432432432,
0.24524524524524516,
0.24724724724724711,
0.2492492492492493,
0.25125125125125125,
0.2532532532532532,
0.25525525525525516,
0.2572572572572571,
0.2592592592592591,
0.26126126126126104,
0.2632632632632632,
0.26526526526526517,
0.26726726726726713,
0.2692692692692693,
0.27127127127127126,
0.2732732732732732,
0.2752752752752752,
0.27727727727727713,
0.2792792792792791,
0.28128128128128127,
0.2832832832832832,
0.2852852852852852,
0.28728728728728736,
0.2892892892892891,
0.2912912912912913,
0.29329329329329323,
0.2952952952952952,
0.29729729729729715,
0.2992992992992993,
0.30130130130130106,
0.30330330330330324,
0.305305305305305,
0.30730730730730715,
0.30930930930930933,
0.3113113113113113,
0.31331331331331325,
0.3153153153153152,
0.3173173173173174,
0.3193193193193191,
0.3213213213213213,
0.32332332332332325,
0.3253253253253252,
0.32732732732732717,
0.32932932932932935,
0.3313313313313311,
0.33333333333333326,
0.33533533533533544,
0.3373373373373372,
0.33933933933933935,
0.3413413413413413,
0.34334334334334327,
0.3453453453453452,
0.3473473473473474,
0.34934934934934914,
0.3513513513513513,
0.35335335335335305,
0.35535535535535523,
0.3573573573573572,
0.35935935935935936,
0.3613613613613613,
0.3633633633633633,
0.36536536536536546,
0.3673673673673672,
0.36936936936936937,
0.3713713713713711,
0.3733733733733733,
0.37537537537537524,
0.3773773773773774,
0.37937937937937916,
0.38138138138138133,
0.38338338338338307,
0.38538538538538525,
0.3873873873873874,
0.38938938938938916,
0.39139139139139134,
0.3933933933933933,
0.3953953953953955,
0.3973973973973972,
0.3993993993993994,
0.4014014014014011,
0.4034034034034033,
0.40540540540540526,
0.4074074074074072,
0.4094094094094094,
0.41141141141141135,
0.41341341341341353,
0.41541541541541527,
0.41741741741741745,
0.4194194194194192,
0.42142142142142136,
0.4234234234234233,
0.4254254254254253,
0.42742742742742723,
0.4294294294294294,
0.43143143143143114,
0.4334334334334333,
0.4354354354354355,
0.43743743743743724,
0.4394394394394394,
0.4414414414414414,
0.44344344344344333,
0.4454454454454453,
0.44744744744744747,
0.4494494494494492,
0.4514514514514514,
0.45345345345345334,
0.4554554554554553,
0.45745745745745725,
0.45945945945945943,
0.4614614614614616,
0.46346346346346334,
0.4654654654654655,
0.46746746746746726,
0.46946946946946944,
0.4714714714714714,
0.47347347347347335,
0.4754754754754753,
0.4774774774774775,
0.4794794794794792,
0.4814814814814814,
0.48348348348348336,
0.4854854854854853,
0.4874874874874875,
0.48948948948948945,
0.4914914914914914,
0.49349349349349336,
0.49549549549549554,
0.4974974974974973,
0.49949949949949946,
0.5015015015015014,
0.5035035035035034,
0.5055055055055053,
0.5075075075075075,
0.5095095095095092,
0.5115115115115114,
0.5135135135135136,
0.5155155155155153,
0.5175175175175175,
0.5195195195195195,
0.5215215215215214,
0.5235235235235234,
0.5255255255255256,
0.5275275275275273,
0.5295295295295295,
0.5315315315315312,
0.5335335335335334,
0.5355355355355353,
0.5375375375375375,
0.5395395395395395,
0.5415415415415414,
0.5435435435435436,
0.5455455455455454,
0.5475475475475475,
0.5495495495495495,
0.5515515515515514,
0.5535535535535534,
0.5555555555555556,
0.5575575575575573,
0.5595595595595595,
0.5615615615615612,
0.5635635635635634,
0.5655655655655656,
0.5675675675675675,
0.5695695695695695,
0.5715715715715715,
0.5735735735735736,
0.5755755755755754,
0.5775775775775776,
0.5795795795795793,
0.5815815815815815,
0.5835835835835834,
0.5855855855855856,
0.5875875875875873,
0.5895895895895895,
0.5915915915915917,
0.5935935935935934,
0.5955955955955956,
0.5975975975975973,
0.5995995995995995,
0.6016016016016015,
0.6036036036036037,
0.6056056056056054,
0.6076076076076076,
0.6096096096096093,
0.6116116116116115,
0.6136136136136134,
0.6156156156156154,
0.6176176176176176,
0.6196196196196195,
0.6216216216216217,
0.6236236236236234,
0.6256256256256256,
0.6276276276276274,
0.6296296296296295,
0.6316316316316315,
0.6336336336336335,
0.6356356356356354,
0.6376376376376376,
0.6396396396396393,
0.6416416416416415,
0.6436436436436437,
0.6456456456456454,
0.6476476476476476,
0.6496496496496496,
0.6516516516516515,
0.6536536536536535,
0.6556556556556556,
0.6576576576576574,
0.6596596596596596,
0.6616616616616615,
0.6636636636636635,
0.6656656656656654,
0.6676676676676676,
0.6696696696696698,
0.6716716716716715,
0.6736736736736737,
0.6756756756756754,
0.6776776776776776,
0.6796796796796796,
0.6816816816816815,
0.6836836836836835,
0.6856856856856857,
0.6876876876876874,
0.6896896896896896,
0.6916916916916918,
0.6936936936936935,
0.6956956956956957,
0.6976976976976976,
0.6996996996996996,
0.7017017017017015,
0.7037037037037037,
0.7057057057057055,
0.7077077077077076,
0.7097097097097096,
0.7117117117117115,
0.7137137137137135,
0.7157157157157157,
0.7177177177177176,
0.7197197197197196,
0.7217217217217218,
0.7237237237237235,
0.7257257257257257,
0.7277277277277276,
0.7297297297297296,
0.7317317317317316,
0.7337337337337337,
0.7357357357357355,
0.7377377377377377,
0.7397397397397394,
0.7417417417417416,
0.7437437437437437,
0.7457457457457457,
0.7477477477477477,
0.7497497497497496,
0.7517517517517518,
0.7537537537537535,
0.7557557557557557,
0.7577577577577577,
0.7597597597597596,
0.7617617617617616,
0.7637637637637638,
0.7657657657657655,
0.7677677677677677,
0.7697697697697699,
0.7717717717717716,
0.7737737737737738,
0.7757757757757757,
0.7777777777777777,
0.7797797797797796,
0.7817817817817818,
0.7837837837837835,
0.7857857857857857,
0.7877877877877875,
0.7897897897897896,
0.7917917917917916,
0.7937937937937938,
0.7957957957957957,
0.7977977977977977,
0.7997997997997999,
0.8018018018018016,
0.8038038038038038,
0.8058058058058055,
0.8078078078078077,
0.8098098098098097,
0.8118118118118118,
0.8138138138138136,
0.8158158158158157,
0.8178178178178175,
0.8198198198198197,
0.8218218218218218,
0.8238238238238236,
0.8258258258258258,
0.8278278278278277,
0.8298298298298299,
0.8318318318318316,
0.8338338338338338,
0.8358358358358355,
0.8378378378378377,
0.8398398398398397,
0.8418418418418416,
0.8438438438438436,
0.8458458458458458,
0.847847847847848,
0.8498498498498497,
0.8518518518518519,
0.8538538538538536,
0.8558558558558558,
0.8578578578578577,
0.8598598598598597,
0.8618618618618616,
0.8638638638638638,
0.8658658658658656,
0.8678678678678677,
0.8698698698698697,
0.8718718718718717,
0.8738738738738738,
0.8758758758758758,
0.8778778778778777,
0.8798798798798797,
0.8818818818818819,
0.8838838838838836,
0.8858858858858858,
0.8878878878878878,
0.8898898898898897,
0.8918918918918917,
0.8938938938938938,
0.8958958958958956,
0.8978978978978978,
0.8998998998998999,
0.9019019019019017,
0.9039039039039038,
0.9059059059059058,
0.9079079079079078,
0.9099099099099097,
0.9119119119119119,
0.9139139139139136,
0.9159159159159158,
0.9179179179179178,
0.9199199199199197,
0.9219219219219219,
0.9239239239239239,
0.9259259259259258,
0.9279279279279278,
0.92992992992993,
0.9319319319319317,
0.9339339339339339,
0.9359359359359358,
0.9379379379379378,
0.9399399399399397,
0.9419419419419419,
0.9439439439439437,
0.9459459459459458,
0.947947947947948,
0.9499499499499497,
0.9519519519519519,
0.9539539539539539,
0.9559559559559558,
0.9579579579579578,
0.95995995995996,
0.9619619619619617,
0.9639639639639639,
0.9659659659659656,
0.9679679679679678,
0.9699699699699698,
0.9719719719719719,
0.9739739739739739,
0.9759759759759759,
0.977977977977978,
0.9799799799799798,
0.9819819819819819,
0.9839839839839839,
0.9859859859859859,
0.9879879879879878,
0.98998998998999,
0.9919919919919917,
0.9939939939939939,
0.9959959959959956,
0.9979979979979978,
-1.0,
};

int16_t sawtooth_int[1000]=
{
-16384,
-16351,
-16318,
-16286,
-16253,
-16220,
-16187,
-16154,
-16122,
-16089,
-16056,
-16023,
-15990,
-15958,
-15925,
-15892,
-15859,
-15826,
-15794,
-15761,
-15728,
-15695,
-15662,
-15630,
-15597,
-15564,
-15531,
-15498,
-15466,
-15433,
-15400,
-15367,
-15334,
-15302,
-15269,
-15236,
-15203,
-15170,
-15138,
-15105,
-15072,
-15039,
-15006,
-14974,
-14941,
-14908,
-14875,
-14842,
-14810,
-14777,
-14744,
-14711,
-14678,
-14646,
-14613,
-14580,
-14547,
-14514,
-14482,
-14449,
-14416,
-14383,
-14350,
-14318,
-14285,
-14252,
-14219,
-14186,
-14154,
-14121,
-14088,
-14055,
-14022,
-13990,
-13957,
-13924,
-13891,
-13858,
-13826,
-13793,
-13760,
-13727,
-13694,
-13662,
-13629,
-13596,
-13563,
-13530,
-13498,
-13465,
-13432,
-13399,
-13366,
-13334,
-13301,
-13268,
-13235,
-13202,
-13170,
-13137,
-13104,
-13071,
-13038,
-13006,
-12973,
-12940,
-12907,
-12874,
-12842,
-12809,
-12776,
-12743,
-12710,
-12678,
-12645,
-12612,
-12579,
-12546,
-12514,
-12481,
-12448,
-12415,
-12382,
-12350,
-12317,
-12284,
-12251,
-12218,
-12185,
-12153,
-12120,
-12087,
-12054,
-12021,
-11989,
-11956,
-11923,
-11890,
-11857,
-11825,
-11792,
-11759,
-11726,
-11693,
-11661,
-11628,
-11595,
-11562,
-11529,
-11497,
-11464,
-11431,
-11398,
-11365,
-11333,
-11300,
-11267,
-11234,
-11201,
-11169,
-11136,
-11103,
-11070,
-11037,
-11005,
-10972,
-10939,
-10906,
-10873,
-10841,
-10808,
-10775,
-10742,
-10709,
-10677,
-10644,
-10611,
-10578,
-10545,
-10513,
-10480,
-10447,
-10414,
-10381,
-10349,
-10316,
-10283,
-10250,
-10217,
-10185,
-10152,
-10119,
-10086,
-10053,
-10021,
-9988,
-9955,
-9922,
-9889,
-9857,
-9824,
-9791,
-9758,
-9725,
-9693,
-9660,
-9627,
-9594,
-9561,
-9529,
-9496,
-9463,
-9430,
-9397,
-9365,
-9332,
-9299,
-9266,
-9233,
-9201,
-9168,
-9135,
-9102,
-9069,
-9037,
-9004,
-8971,
-8938,
-8905,
-8873,
-8840,
-8807,
-8774,
-8741,
-8709,
-8676,
-8643,
-8610,
-8577,
-8545,
-8512,
-8479,
-8446,
-8413,
-8381,
-8348,
-8315,
-8282,
-8249,
-8217,
-8184,
-8151,
-8118,
-8085,
-8053,
-8020,
-7987,
-7954,
-7921,
-7889,
-7856,
-7823,
-7790,
-7757,
-7725,
-7692,
-7659,
-7626,
-7593,
-7561,
-7528,
-7495,
-7462,
-7429,
-7397,
-7364,
-7331,
-7298,
-7265,
-7233,
-7200,
-7167,
-7134,
-7101,
-7069,
-7036,
-7003,
-6970,
-6937,
-6905,
-6872,
-6839,
-6806,
-6773,
-6741,
-6708,
-6675,
-6642,
-6609,
-6577,
-6544,
-6511,
-6478,
-6445,
-6413,
-6380,
-6347,
-6314,
-6281,
-6249,
-6216,
-6183,
-6150,
-6117,
-6085,
-6052,
-6019,
-5986,
-5953,
-5921,
-5888,
-5855,
-5822,
-5789,
-5757,
-5724,
-5691,
-5658,
-5625,
-5593,
-5560,
-5527,
-5494,
-5461,
-5429,
-5396,
-5363,
-5330,
-5297,
-5265,
-5232,
-5199,
-5166,
-5133,
-5101,
-5068,
-5035,
-5002,
-4969,
-4937,
-4904,
-4871,
-4838,
-4805,
-4773,
-4740,
-4707,
-4674,
-4641,
-4609,
-4576,
-4543,
-4510,
-4477,
-4445,
-4412,
-4379,
-4346,
-4313,
-4281,
-4248,
-4215,
-4182,
-4149,
-4117,
-4084,
-4051,
-4018,
-3985,
-3952,
-3920,
-3887,
-3854,
-3821,
-3788,
-3756,
-3723,
-3690,
-3657,
-3624,
-3592,
-3559,
-3526,
-3493,
-3460,
-3428,
-3395,
-3362,
-3329,
-3296,
-3264,
-3231,
-3198,
-3165,
-3132,
-3100,
-3067,
-3034,
-3001,
-2968,
-2936,
-2903,
-2870,
-2837,
-2804,
-2772,
-2739,
-2706,
-2673,
-2640,
-2608,
-2575,
-2542,
-2509,
-2476,
-2444,
-2411,
-2378,
-2345,
-2312,
-2280,
-2247,
-2214,
-2181,
-2148,
-2116,
-2083,
-2050,
-2017,
-1984,
-1952,
-1919,
-1886,
-1853,
-1820,
-1788,
-1755,
-1722,
-1689,
-1656,
-1624,
-1591,
-1558,
-1525,
-1492,
-1460,
-1427,
-1394,
-1361,
-1328,
-1296,
-1263,
-1230,
-1197,
-1164,
-1132,
-1099,
-1066,
-1033,
-1000,
-968,
-935,
-902,
-869,
-836,
-804,
-771,
-738,
-705,
-672,
-640,
-607,
-574,
-541,
-508,
-476,
-443,
-410,
-377,
-344,
-312,
-279,
-246,
-213,
-180,
-148,
-115,
-82,
-49,
-16,
16,
49,
82,
115,
148,
180,
213,
246,
279,
312,
344,
377,
410,
443,
476,
508,
541,
574,
607,
640,
672,
705,
738,
771,
804,
836,
869,
902,
935,
968,
1000,
1033,
1066,
1099,
1132,
1164,
1197,
1230,
1263,
1296,
1328,
1361,
1394,
1427,
1460,
1492,
1525,
1558,
1591,
1624,
1656,
1689,
1722,
1755,
1788,
1820,
1853,
1886,
1919,
1952,
1984,
2017,
2050,
2083,
2116,
2148,
2181,
2214,
2247,
2280,
2312,
2345,
2378,
2411,
2444,
2476,
2509,
2542,
2575,
2608,
2640,
2673,
2706,
2739,
2772,
2804,
2837,
2870,
2903,
2936,
2968,
3001,
3034,
3067,
3100,
3132,
3165,
3198,
3231,
3264,
3296,
3329,
3362,
3395,
3428,
3460,
3493,
3526,
3559,
3592,
3624,
3657,
3690,
3723,
3756,
3788,
3821,
3854,
3887,
3920,
3952,
3985,
4018,
4051,
4084,
4117,
4149,
4182,
4215,
4248,
4281,
4313,
4346,
4379,
4412,
4445,
4477,
4510,
4543,
4576,
4609,
4641,
4674,
4707,
4740,
4773,
4805,
4838,
4871,
4904,
4937,
4969,
5002,
5035,
5068,
5101,
5133,
5166,
5199,
5232,
5265,
5297,
5330,
5363,
5396,
5429,
5461,
5494,
5527,
5560,
5593,
5625,
5658,
5691,
5724,
5757,
5789,
5822,
5855,
5888,
5921,
5953,
5986,
6019,
6052,
6085,
6117,
6150,
6183,
6216,
6249,
6281,
6314,
6347,
6380,
6413,
6445,
6478,
6511,
6544,
6577,
6609,
6642,
6675,
6708,
6741,
6773,
6806,
6839,
6872,
6905,
6937,
6970,
7003,
7036,
7069,
7101,
7134,
7167,
7200,
7233,
7265,
7298,
7331,
7364,
7397,
7429,
7462,
7495,
7528,
7561,
7593,
7626,
7659,
7692,
7725,
7757,
7790,
7823,
7856,
7889,
7921,
7954,
7987,
8020,
8053,
8085,
8118,
8151,
8184,
8217,
8249,
8282,
8315,
8348,
8381,
8413,
8446,
8479,
8512,
8545,
8577,
8610,
8643,
8676,
8709,
8741,
8774,
8807,
8840,
8873,
8905,
8938,
8971,
9004,
9037,
9069,
9102,
9135,
9168,
9201,
9233,
9266,
9299,
9332,
9365,
9397,
9430,
9463,
9496,
9529,
9561,
9594,
9627,
9660,
9693,
9725,
9758,
9791,
9824,
9857,
9889,
9922,
9955,
9988,
10021,
10053,
10086,
10119,
10152,
10185,
10217,
10250,
10283,
10316,
10349,
10381,
10414,
10447,
10480,
10513,
10545,
10578,
10611,
10644,
10677,
10709,
10742,
10775,
10808,
10841,
10873,
10906,
10939,
10972,
11005,
11037,
11070,
11103,
11136,
11169,
11201,
11234,
11267,
11300,
11333,
11365,
11398,
11431,
11464,
11497,
11529,
11562,
11595,
11628,
11661,
11693,
11726,
11759,
11792,
11825,
11857,
11890,
11923,
11956,
11989,
12021,
12054,
12087,
12120,
12153,
12185,
12218,
12251,
12284,
12317,
12350,
12382,
12415,
12448,
12481,
12514,
12546,
12579,
12612,
12645,
12678,
12710,
12743,
12776,
12809,
12842,
12874,
12907,
12940,
12973,
13006,
13038,
13071,
13104,
13137,
13170,
13202,
13235,
13268,
13301,
13334,
13366,
13399,
13432,
13465,
13498,
13530,
13563,
13596,
13629,
13662,
13694,
13727,
13760,
13793,
13826,
13858,
13891,
13924,
13957,
13990,
14022,
14055,
14088,
14121,
14154,
14186,
14219,
14252,
14285,
14318,
14350,
14383,
14416,
14449,
14482,
14514,
14547,
14580,
14613,
14646,
14678,
14711,
14744,
14777,
14810,
14842,
14875,
14908,
14941,
14974,
15006,
15039,
15072,
15105,
15138,
15170,
15203,
15236,
15269,
15302,
15334,
15367,
15400,
15433,
15466,
15498,
15531,
15564,
15597,
15630,
15662,
15695,
15728,
15761,
15794,
15826,
15859,
15892,
15925,
15958,
15990,
16023,
16056,
16089,
16122,
16154,
16187,
16220,
16253,
16286,
16318,
16351,
-16384,
};

